+0001.0000000000000000,+0000.0000000000000000,+0000.0000000000000000,+0000.0000000000000000
+0000.9995003561606749,+0000.0000987341792529,+0000.0000009396410517,+0000.0003999700190204
+0000.9980059402948251,+0000.0003827031142525,+0000.0000124348132479,+0000.0015989217776741
+0000.9955271047088893,+0000.0008333660292771,+0000.0000455391548868,+0000.0035939901069466
+0000.9920736122384937,+0000.0014556869352438,+0000.0000902771465186,+0000.0063804236797439
+0000.9876513212323992,+0000.0022770573292731,+0000.0001200196886796,+0000.0099516017496483
+0000.9822652253956083,+0000.0033107371547905,+0000.0001249930596843,+0000.0142990443899165
+0000.9759257920619463,+0000.0045276540385392,+0000.0001341231966655,+0000.0194124307028487
+0000.9686522876095919,+0000.0058773683981135,+0000.0001907039407487,+0000.0252796400515455
+0000.9604697770200276,+0000.0073420359395620,+0000.0003013742381178,+0000.0318868128022926
+0000.9514027388256796,+0000.0089614678811545,+0000.0004173836307308,+0000.0392184096624348
+0000.9414715454105510,+0000.0107919291189274,+0000.0004792717399342,+0000.0472572537305872
+0000.9306951748017754,+0000.0128360624723129,+0000.0004841987379741,+0000.0559845639879373
+0000.9190973421041463,+0000.0150225890734281,+0000.0005000619236965,+0000.0653800068987287
+0000.9067098932458120,+0000.0172680200243735,+0000.0006003044410575,+0000.0754217822887567
+0000.8935700605989781,+0000.0195615435810173,+0000.0007816668657163,+0000.0860867289542880
+0000.8797142524691587,+0000.0219791781681671,+0000.0009561526931753,+0000.0973504166694989
+0000.8651744134821141,+0000.0246017002866290,+0000.0010366793816762,+0000.1091872068495807
+0000.8499803743976780,+0000.0274166234199288,+0000.0010327014121835,+0000.1215703007702095
+0000.8341656715159318,+0000.0303117393600486,+0000.0010507751204608,+0000.1344718140035584
+0000.8177709488980798,+0000.0331774225195983,+0000.0011887332632320,+0000.1478628953190898
+0000.8008415268301456,+0000.0360162214461993,+0000.0014283859041486,+0000.1617138658195065
+0000.7834214972419488,+0000.0389404292816118,+0000.0016437403735951,+0000.1759943331028440
+0000.7655500581570412,+0000.0420501762669873,+0000.0017265055256031,+0000.1906732600503679
+0000.7472634859599308,+0000.0453142452590357,+0000.0017032528865939,+0000.2057190158944394
+0000.7286005536508136,+0000.0485827804741943,+0000.0017172063258489,+0000.2210994595491431
+0000.7096058849065892,+0000.0517282559548110,+0000.0018837827777289,+0000.2367820763608708
+0000.6903278831004345,+0000.0547724786871698,+0000.0021655021611504,+0000.2527341360512451
+0000.6708132546628385,+0000.0578626353750473,+0000.0024012941731961,+0000.2689228157889180
+0000.6511034144837258,+0000.0611123289100045,+0000.0024689918838911,+0000.2853152647223784
+0000.6312360812198609,+0000.0644689301057620,+0000.0024163439761205,+0000.3018786446982565
+0000.6112502222346849,+0000.0677499282255410,+0000.0024196421849136,+0000.3185802073548601
+0000.5911893060820583,+0000.0708189353454030,+0000.0026043262826262,+0000.3353874322899122
+0000.5710996267487145,+0000.0737220525972329,+0000.0029101326605838,+0000.3522681879934685
+0000.5510253603570967,+0000.0766384116807349,+0000.0031453778795271,+0000.3691908500826412
+0000.5310051345209108,+0000.0796885707186978,+0000.0031819452439204,+0000.3861243495164708
+0000.5110732601635937,+0000.0827966868293055,+0000.0030918622887530,+0000.4030381907183477
+0000.4912641478344373,+0000.0857539255163421,+0000.0030794181684068,+0000.4199025084808137
+0000.4716154081845937,+0000.0884243182175452,+0000.0032720813194747,+0000.4366881922783862
+0000.4521665897051909,+0000.0908820371160391,+0000.0035843375392218,+0000.4533670356395479
+0000.4329548511726144,+0000.0933335967798160,+0000.0037997145192240,+0000.4699118375283455
+0000.4140117775662997,+0000.0958994847947910,+0000.0037923130205348,+0000.4862964246183742
+0000.3953642710500804,+0000.0984796661945422,+0000.0036604251296410,+0000.5024956376257361
+0000.3770383995714776,+0000.1008462480871500,+0000.0036299949472193,+0000.5184853573941527
+0000.3590622978645860,+0000.1028726623822219,+0000.0038224363660130,+0000.5342426033871789
+0000.3414653184150689,+0000.1046633563923088,+0000.0041256649356591,+0000.5497456602569629
+0000.3242743742470681,+0000.1064461086606566,+0000.0043053631563834,+0000.5649741539358916
+0000.3075110681710908,+0000.1083339935568496,+0000.0042458958239163,+0000.5799090424481430
+0000.2911922712507035,+0000.1102025854178683,+0000.0040725774545218,+0000.5945325658769059
+0000.2753333800734371,+0000.1118127390034065,+0000.0040256450543783,+0000.6088282358687778
+0000.2599509743232152,+0000.1130554879868564,+0000.0042126365234469,+0000.6227809011664812
+0000.2450623616431244,+0000.1140659906545252,+0000.0044948028736544,+0000.6363768448286957
+0000.2306826148992004,+0000.1150857925865675,+0000.0046277611856794,+0000.6496038313285523
+0000.2168220618962955,+0000.1162131618694462,+0000.0045137108387064,+0000.6624510653955514
+0000.2034865825060466,+0000.1172998527496132,+0000.0043044583248538,+0000.6749091064194862
+0000.1906802659694656,+0000.1181034648668585,+0000.0042464479734947,+0000.6869698211901807
+0000.1784077858893067,+0000.1185396740557385,+0000.0044261252342498,+0000.6986264148207049
+0000.1666743019064761,+0000.1187729614058469,+0000.0046792393932555,+0000.7098734972944213
+0000.1554831848807992,+0000.1190500681227933,+0000.0047596441132489,+0000.7207071028831583
+0000.1448338928077189,+0000.1194473509888311,+0000.0045941346584816,+0000.7311246215449678
+0000.1347220188113506,+0000.1197941126743249,+0000.0043591847295455,+0000.7411246837847788
+0000.1251413546606552,+0000.1198525993779105,+0000.0042989641706798,+0000.7507070817907542
+0000.1160859508722984,+0000.1195687444642817,+0000.0044725353482357,+0000.7598727693151840
+0000.1075503234113521,+0000.1191332261779157,+0000.0046925493493394,+0000.7686239010613924
+0000.0995278317131321,+0000.1187887489084793,+0000.0047195892334071,+0000.7769638301449813
+0000.0920089454298148,+0000.1185833323163067,+0000.0045107015055415,+0000.7848970207483369
+0000.0849810757446599,+0000.1183260533793439,+0000.0042639572365371,+0000.7924289136394591
+0000.0784300662473322,+0000.1177913901861729,+0000.0042127184546002,+0000.7995658251118944
+0000.0723419151984090,+0000.1169595777076123,+0000.0043835835992992,+0000.8063149234946790
+0000.0667032252036506,+0000.1160428416127517,+0000.0045696846356802,+0000.8126842485479170
+0000.0615001747478733,+0000.1152704477709979,+0000.0045466817264805,+0000.8186826957546479
+0000.0567171614503109,+0000.1146567427449424,+0000.0043061742534590,+0000.8243199215512875
+0000.0523364495114278,+0000.1139937299156287,+0000.0040636183922185,+0000.8296062021807249
+0000.0483391242422097,+0000.1130752226789024,+0000.0040333307358073,+0000.8345523223430801
+0000.0447064654868215,+0000.1119181876457425,+0000.0042058084734297,+0000.8391695383940059
+0000.0414205732272372,+0000.1107505340092798,+0000.0043593059092932,+0000.8434695868541896
+0000.0384638548189365,+0000.1097790444549732,+0000.0042924351547417,+0000.8474646655713486
+0000.0358180150311978,+0000.1089805338953752,+0000.0040341075663270,+0000.8511673435070999
+0000.0334635534316423,+0000.1081340589363452,+0000.0038119616172625,+0000.8545904260147495
+0000.0313802338787381,+0000.1070592592878266,+0000.0038136612854879,+0000.8577468455479470
+0000.0295481121709524,+0000.1058106851103168,+0000.0039915807081323,+0000.8606496220105982
+0000.0279482709465295,+0000.1046252179426606,+0000.0041146416059487,+0000.8633118695048608
+0000.0265627328820519,+0000.1036789809907112,+0000.0040115023987173,+0000.8657467837285194
+0000.0253737567336559,+0000.1029091957904486,+0000.0037494805091129,+0000.8679675669667822
+0000.0243632202014482,+0000.1020870702327038,+0000.0035623983083301,+0000.8699873112575177
+0000.0235126698662954,+0000.1010638299525218,+0000.0036045982385892,+0000.8718189019425933
+0000.0228040213553345,+0000.0999309680029244,+0000.0037900264874066,+0000.8734749841543341
+0000.0222203421379953,+0000.0989271619566672,+0000.0038845207114662,+0000.8749679751938710
+0000.0217460955880263,+0000.0981910162268658,+0000.0037528230099441,+0000.8763100651751634
+0000.0213666956891037,+0000.0976201049877940,+0000.0035000344571610,+0000.8775131648659413
+0000.0210678130891342,+0000.0969837744443794,+0000.0033595975572157,+0000.8785888149092705
+0000.0208350832714624,+0000.0961697363928233,+0000.0034470704925542,+0000.8795481098431599
+0000.0206545125127584,+0000.0953044021010225,+0000.0036394086035445,+0000.8804016767826744
+0000.0205132560705178,+0000.0946209641509067,+0000.0037060819616472,+0000.8811596978169282
+0000.0204000985519353,+0000.0942153128786582,+0000.0035526611469165,+0000.8818319274224897
+0000.0203052175123855,+0000.0939474024983125,+0000.0033197132580342,+0000.8824276667312673
+0000.0202194523883074,+0000.0935914165915278,+0000.0032334283534612,+0000.8829557026667036
+0000.0201337579654106,+0000.0930754450546314,+0000.0033665410137955,+0000.8834242559661624
+0000.0200393625612938,+0000.0925575213820371,+0000.0035621416418468,+0000.8838409744148220
+0000.0199285000854426,+0000.0922582794948890,+0000.0036002543533579,+0000.8842129660663102
+0000.0197950374358719,+0000.0922275853207878,+0000.0034305441863141,+0000.8845468330570261
+0000.0196343981202609,+0000.0922918057870738,+0000.0032251245682334,+0000.8848486715244316
+0000.0194428347912291,+0000.0922371003196397,+0000.0031960249036871,+0000.8851240399854439
+0000.0192167201975646,+0000.0920346507409960,+0000.0033706983990711,+0000.8853779306623683
+0000.0189525137982446,+0000.0918696546641427,+0000.0035630556235210,+0000.8856147759140915
+0000.0186474175511951,+0000.0919435716886206,+0000.0035705210773357,+0000.8858384896828484
+0000.0183000696391854,+0000.0922589052819390,+0000.0033885112599214,+0000.8860525138189539
+0000.0179105825180160,+0000.0926142529262464,+0000.0032153255350288,+0000.8862598390207085
+0000.0174798591851721,+0000.0928149744244117,+0000.0032421685680517,+0000.8864629978223646
+0000.0170088139494519,+0000.0928767012746550,+0000.0034504298654758,+0000.8866640549104172
+0000.0164982088234509,+0000.0930062846673207,+0000.0036308841118196,+0000.8868646223974087
+0000.0159492130965236,+0000.0933800423062738,+0000.0036048402410971,+0000.8870659043561053
+0000.0153640931315942,+0000.0939537124782618,+0000.0034134451150214,+0000.8872687492751226
+0000.0147463239621626,+0000.0945053849997771,+0000.0032746063385147,+0000.8874736846995454
+0000.0140999867780557,+0000.0948665257129676,+0000.0033525600631369,+0000.8876809274458395
+0000.0134290066778259,+0000.0950970546326803,+0000.0035835524928700,+0000.8878903861966239
+0000.0127369199603049,+0000.0954190372176232,+0000.0037423633177748,+0000.8881016795042969
+0000.0120273253656016,+0000.0959784715187268,+0000.0036800260491348,+0000.8883141770665367
+0000.0113045107483356,+0000.0966867249428552,+0000.0034817133983164,+0000.8885270509104927
+0000.0105736027822974,+0000.0973096589374127,+0000.0033774229906121,+0000.8887393152896775
+0000.0098400784070986,+0000.0977110143642414,+0000.0034990616470813,+0000.8889498455815786
+0000.0091090964880003,+0000.0979932012358599,+0000.0037403166858804,+0000.8891573855902591
+0000.0083852514558542,+0000.0983862873334998,+0000.0038678993066722,+0000.8893605619039736
+0000.0076729088920018,+0000.0990016754066070,+0000.0037674998277775,+0000.8895579158736135
+0000.0069767206909707,+0000.0997103447691672,+0000.0035649878452337,+0000.8897479466946283
+0000.0063017831741275,+0000.1002747566414418,+0000.0034943115303910,+0000.8899291486540394
+0000.0056532888058167,+0000.1005959705538580,+0000.0036507099880557,+0000.8901000306522695
+0000.0050360142443217,+0000.1008154057704063,+0000.0038894586531162,+0000.8902591213321556
+0000.0044541052711140,+0000.1011633541807419,+0000.0039775659631480,+0000.8904049745849962
+0000.0039112910708466,+0000.1017133522715348,+0000.0038391687747646,+0000.8905361878828537
+0000.0034112495796009,+0000.1023013166856969,+0000.0036360013311093,+0000.8906514324035926
+0000.0029577502647503,+0000.1026952175065441,+0000.0035975505317588,+0000.8907494816969463
+0000.0025544650718046,+0000.1028370302921138,+0000.0037792789847097,+0000.8908292256513717
+0000.0022046581033050,+0000.1029020722255383,+0000.0040036011583961,+0000.8908896685127604
+0000.0019110326448851,+0000.1031127827724029,+0000.0040462619939636,+0000.8909299225887480
+0000.0016758175047234,+0000.1035026735402580,+0000.0038722977076629,+0000.8909492112473553
+0000.0015009535071041,+0000.1038790118780342,+0000.0036731504610372,+0000.8909468841538241
+0000.0013882035219448,+0000.1040238363048730,+0000.0036655258224397,+0000.8909224343507420
+0000.0013391343767106,+0000.1039219651800472,+0000.0038633971795906,+0000.8908755032636513
+0000.0013550350893796,+0000.1037760313102908,+0000.0040630642468137,+0000.8908058693535158
+0000.0014368406780485,+0000.1037925768574567,+0000.0040571526063477,+0000.8907134298581466
+0000.0015850811239605,+0000.1039641604694398,+0000.0038525685958422,+0000.8905981898107571
+0000.0017998685766720,+0000.1040766573536757,+0000.0036632103681482,+0000.8904602637015037
+0000.0020809641808685,+0000.1039340169850518,+0000.0036851376297555,+0000.8902998812043240
+0000.0024279366680299,+0000.1035640443582713,+0000.0038906361283776,+0000.8901173828453209
+0000.0028403185402066,+0000.1031888992187142,+0000.0040575824207051,+0000.8899131998203739
+0000.0033176050633889,+0000.1029915924768598,+0000.0040029761594686,+0000.8896878263002823
+0000.0038590528473398,+0000.1029241549836791,+0000.0037749935761555,+0000.8894417985928252
+0000.0044634555356761,+0000.1027589448365010,+0000.0036019121855798,+0000.8891756874422428
+0000.0051291647895840,+0000.1023286553790690,+0000.0036520843081264,+0000.8888900955232202
+0000.0058544273849746,+0000.1017024388327162,+0000.0038574877376380,+0000.8885856460446711
+0000.0066377736817634,+0000.1011133384928045,+0000.0039859312755881,+0000.8882629565498434
+0000.0074780754916280,+0000.1007140142254445,+0000.0038853039698662,+0000.8879226063130609
+0000.0083741779466780,+0000.1004178578226818,+0000.0036428525385209,+0000.8875651116921189
+0000.0093244594411150,+0000.0999919921712447,+0000.0034926331221930,+0000.8871909152654467
+0000.0103268127858328,+0000.0993034593454780,+0000.0035693476702662,+0000.8868003801984224
+0000.0113791614455494,+0000.0984594342129413,+0000.0037676285334193,+0000.8863937758080894
+0000.0124800633258287,+0000.0976947541988486,+0000.0038539329916321,+0000.8859712494836902
+0000.0136287995005130,+0000.0971261148554373,+0000.0037122910431673,+0000.8855327946008820
+0000.0148248207772798,+0000.0966316946238003,+0000.0034652557976888,+0000.8850782288012307
+0000.0160670954190655,+0000.0959818621730048,+0000.0033438555350311,+0000.8846071868728982
+0000.0173540656505474,+0000.0950822300658960,+0000.0034445864462974,+0000.8841191178372588
+0000.0186843452559705,+0000.0940731589275974,+0000.0036292237523061,+0000.8836132720641254
+0000.0200575149053060,+0000.0931821729621353,+0000.0036716365569214,+0000.8830886755756369
+0000.0214742059672921,+0000.0924859392885195,+0000.0034957512147784,+0000.8825441035294095
+0000.0229353424401429,+0000.0918323950594089,+0000.0032541950067272,+0000.8819780674937205
+0000.0244412872214287,+0000.0910036151575233,+0000.0031662793140598,+0000.8813888183069878
+0000.0259917981414510,+0000.0899465139238046,+0000.0032873367698556,+0000.8807743511648882
+0000.0275869130583551,+0000.0888285082122189,+0000.0034521805017575,+0000.8801323982276681
+0000.0292279107270102,+0000.0878610924894175,+0000.0034505882428087,+0000.8794604085407630
+0000.0309173504886272,+0000.0870786468102857,+0000.0032484721036500,+0000.8787555305974367
+0000.0326580911019997,+0000.0863053072876088,+0000.0030219888029105,+0000.8780146128074805
+0000.0344522525047816,+0000.0853430503223396,+0000.0029704764671575,+0000.8772342207057210
+0000.0363012033854085,+0000.0841812580017027,+0000.0031068849676893,+0000.8764106536451989
+0000.0382066452409726,+0000.0830072212752389,+0000.0032461882671939,+0000.8755399452165944
+0000.0401717146747868,+0000.0820084350217042,+0000.0032020001769505,+0000.8746178501265581
+0000.0422009404789324,+0000.0811766811986689,+0000.0029825413265108,+0000.8736398369958874
+0000.0442990231189426,+0000.0803200232457140,+0000.0027798500939173,+0000.8726011035414254
+0000.0464696333300557,+0000.0792679939179521,+0000.0027657628925854,+0000.8714966098594064
+0000.0487154687738193,+0000.0780519916365845,+0000.0029114316195960,+0000.8703211079699997
+0000.0510395540307130,+0000.0768711873780526,+0000.0030201083802591,+0000.8690691502109745
+0000.0534464652368714,+0000.0758821329581240,+0000.0029363196713674,+0000.8677350821336368
+0000.0559421703669076,+0000.0750356622008289,+0000.0027091233902610,+0000.8663130440420022
+0000.0585325562134645,+0000.0741324993360827,+0000.0025379449783208,+0000.8647969994721313
+0000.0612220870740131,+0000.0730365464777685,+0000.0025605830415036,+0000.8631807834067143
+0000.0640139701600411,+0000.0718191193171878,+0000.0027087671096497,+0000.8614581434131210
+0000.0669116928379063,+0000.0706826944139196,+0000.0027828587333520,+0000.8596227540148216
+0000.0699203574568979,+0000.0697471573463756,+0000.0026642726540681,+0000.8576682125426582
+0000.0730463776399256,+0000.0689258909116934,+0000.0024396859014797,+0000.8555880455469008
+0000.0762957430179941,+0000.0680216465950320,+0000.0023068638341777,+0000.8533757465527957
+0000.0796725601428695,+0000.0669383560776046,+0000.0023642482344520,+0000.8510248355450735
+0000.0831793641638373,+0000.0657835056688133,+0000.0025082218261390,+0000.8485289083412101
+0000.0868189165914920,+0000.0647539461513862,+0000.0025454839570771,+0000.8458816533000439
+0000.0905956457604552,+0000.0639285063655547,+0000.0023990022681076,+0000.8430768456058820
+0000.0945151807198709,+0000.0631882382213347,+0000.0021882279636991,+0000.8401083530950947
+0000.0985823472939927,+0000.0623474863563072,+0000.0020999888539357,+0000.8369701774957641
+0000.1027996089971086,+0000.0613544252685056,+0000.0021894458988256,+0000.8336565198355594
+0000.1071675556424332,+0000.0603473643627509,+0000.0023232465677099,+0000.8301618334271057
+0000.1116869836103946,+0000.0595084655828762,+0000.0023237122789863,+0000.8264808385277423
+0000.1163604445271682,+0000.0588724897562570,+0000.0021585556300919,+0000.8226085100864825
+0000.1211916080945716,+0000.0582945960516817,+0000.0019737187984153,+0000.8185400770553309
+0000.1261829860484065,+0000.0576100299819819,+0000.0019359232633984,+0000.8142710607062127
+0000.1313342834996755,+0000.0568137300577594,+0000.0020546463920286,+0000.8097973400505361
+0000.1366430837356270,+0000.0560679938024481,+0000.0021737188435232,+0000.8051152036184012
+0000.1421072280455895,+0000.0555313411112083,+0000.0021400728349623,+0000.8002213580082393
+0000.1477264810979203,+0000.0551928360795279,+0000.0019677780054350,+0000.7951129048171164
+0000.1535017241619402,+0000.0548891516460940,+0000.0018217959400405,+0000.7897873282519247
+0000.1594324063241685,+0000.0544850435344775,+0000.0018400254060387,+0000.7842425247353152
+0000.1655148070635342,+0000.0540228797348740,+0000.0019854501778810,+0000.7784768630237102
+0000.1717429212934319,+0000.0536808218808155,+0000.0020870259997905,+0000.7724892308259615
+0000.1781111474096393,+0000.0535851762372473,+0000.0020246418494822,+0000.7662790345036306
+0000.1846160821228824,+0000.0536790476841721,+0000.0018587075846375,+0000.7598461626083077
+0000.1912555556728053,+0000.0537886403316094,+0000.0017648455830311,+0000.7531909584125537
+0000.1980258126258233,+0000.0538157469919943,+0000.0018442036901870,+0000.7463142366919949
+0000.2049196757651315,+0000.0538489187751628,+0000.0020140706705578,+0000.7392173347891476
+0000.2119276176928763,+0000.0540730626715371,+0000.0020971678410861,+0000.7319021517945000
+0000.2190407546111538,+0000.0545743910006090,+0000.0020137157096232,+0000.7243711386786136
+0000.2262527860029041,+0000.0552511358614703,+0000.0018688299070123,+0000.7166272482286127
+0000.2335588935186763,+0000.0559273264563478,+0000.0018398884157085,+0000.7086738916092669
+0000.2409526573996843,+0000.0565479390341855,+0000.0019844630109233,+0000.7005149405552065
+0000.2484241013587690,+0000.0572446155795697,+0000.0021765153076116,+0000.6921547677540492
+0000.2559609184834118,+0000.0581992838102969,+0000.0022415193227265,+0000.6835982783835642
+0000.2635517554322981,+0000.0594512175528208,+0000.0021461347979701,+0000.6748508922169104
+0000.2711883136227932,+0000.0608562022409702,+0000.0020370018441265,+0000.6659184822921095
+0000.2788641435133389,+0000.0622443715406576,+0000.0020841676673282,+0000.6568073172786747
+0000.2865713077935447,+0000.0636084553015980,+0000.0022961870809569,+0000.6475240498238998
+0000.2942982783517775,+0000.0651184354420765,+0000.0025075393855629,+0000.6380757468205828
+0000.3020312666229703,+0000.0669433973309845,+0000.0025554209891251,+0000.6284699150569197
+0000.3097577696718862,+0000.0690702310258066,+0000.0024575204813704,+0000.6187144788209367
+0000.3174688498467828,+0000.0713160370272753,+0000.0023974013084331,+0000.6088177118175084
+0000.3251578661973531,+0000.0735250774606409,+0000.0025288869234871,+0000.5987881694185183
+0000.3328169025326278,+0000.0757407375519046,+0000.0028076938569588,+0000.5886346660585083
+0000.3404344821521018,+0000.0781652210605886,+0000.0030339990698411,+0000.5783662977174681
+0000.3479969379053965,+0000.0809452849077429,+0000.0030653123603504,+0000.5679924648265097
+0000.3554921793181487,+0000.0840117437199493,+0000.0029732268153766,+0000.5575228501465250
+0000.3629121673843833,+0000.0871480970116498,+0000.0029723857965177,+0000.5469673498074485
+0000.3702516347123434,+0000.0902203074323986,+0000.0031920568477477,+0000.5363360010075098
+0000.3775043055417196,+0000.0933236468314793,+0000.0035330949025535,+0000.5256389527242472
+0000.3846603926155033,+0000.0966854206207830,+0000.0037677030604404,+0000.5148864837032728
+0000.3917079314740632,+0000.1004214695706188,+0000.0037815727160340,+0000.5040890262392834
+0000.3986367174246742,+0000.1044049029260524,+0000.0037012303358662,+0000.4932571493134066
+0000.4054409914756132,+0000.1083919796765610,+0000.0037655339685083,+0000.4824014948793172
+0000.4121182100875179,+0000.1122773150745120,+0000.0040717678590339,+0000.4715327069789360
+0000.4186650950081456,+0000.1162076921804861,+0000.0044658124231766,+0000.4606614003881913
+0000.4250748798994288,+0000.1204277943302116,+0000.0046991483935319,+0000.4497981773768273
+0000.4313385276862253,+0000.1250153364011636,+0000.0046924804847548,+0000.4389536554278559
+0000.4374487784800710,+0000.1297863755413171,+0000.0046263862721885,+0000.4281384597064232
+0000.4434030615534716,+0000.1344774631027597,+0000.0047563055416268,+0000.4173631698021414
+0000.4492023835903229,+0000.1390180391117897,+0000.0051413217907239,+0000.4066382555071630
+0000.4548472580155968,+0000.1436045166442571,+0000.0055741779901744,+0000.3959740473499714
+0000.4603346765751848,+0000.1484910191550013,+0000.0057935498373128,+0000.3853807544325006
+0000.4656591282193075,+0000.1537116949564781,+0000.0057606791491919,+0000.3748684976750221
+0000.4708166943387982,+0000.1590285839363226,+0000.0057074079035700,+0000.3644473138213089
+0000.4758081998217148,+0000.1641670498629710,+0000.0058976343618276,+0000.3541271159534860
+0000.4806382944802901,+0000.1690965792693239,+0000.0063474867122000,+0000.3439176395381855
+0000.4853113232878533,+0000.1740599387529516,+0000.0068003206151548,+0000.3338284173440401
+0000.4898280092734149,+0000.1793128823214922,+0000.0069903093619675,+0000.3238687990431250
+0000.4941861971762425,+0000.1848425847330166,+0000.0069232285866004,+0000.3140479895041401
+0000.4983849304110394,+0000.1903624340724472,+0000.0068775714297330,+0000.3043750640867801
+0000.5024278511250261,+0000.1955958340694655,+0000.0071173710354538,+0000.2948589437700543
+0000.5063225519319368,+0000.2005563966903355,+0000.0076126984678616,+0000.2855083529098659
+0000.5100764587144165,+0000.2055286706288023,+0000.0080630714647851,+0000.2763317991919957
+0000.5136932247257699,+0000.2107626270785906,+0000.0082065543567573,+0000.2673375938388817
+0000.5171731313674682,+0000.2161972087350699,+0000.0080957676028191,+0000.2585338922946424
+0000.5205170817321608,+0000.2215046378269172,+0000.0080495624044147,+0000.2499287180365070
+0000.5237302546149236,+0000.2264159200178893,+0000.0083238747516656,+0000.2415299506155210
+0000.5268218017528157,+0000.2309915152306533,+0000.0088413886284863,+0000.2333452943880444
+0000.5298008221420341,+0000.2355519703718467,+0000.0092649450698200,+0000.2253822624162989
+0000.5326724816767446,+0000.2403346381787934,+0000.0093446856004164,+0000.2176481945440454
+0000.5354380158267431,+0000.2452310794683200,+0000.0091806086636184,+0000.2101502960413184
+0000.5380985768390458,+0000.2498815968389064,+0000.0091241612260246,+0000.2028956650960229
+0000.5406591393867781,+0000.2540342453169649,+0000.0094153253078872,+0000.1958912899883694
+0000.5431286113968308,+0000.2577974782783585,+0000.0099298839655563,+0000.1891440263592540
+0000.5455159818813895,+0000.2615209149161143,+0000.0103025204033539,+0000.1826605827991421
+0000.5478261943144949,+0000.2654231311090330,+0000.0103031413822888,+0000.1764475331941830
+0000.5500597105777124,+0000.2693510847914202,+0000.0100778566576339,+0000.1705113479732333
+0000.5522161523795626,+0000.2729236831605031,+0000.0100017451717195,+0000.1648584192882143
+0000.5542984464724583,+0000.2759148716165129,+0000.0102916195520521,+0000.1594950623589766
+0000.5563134044998977,+0000.2784804643649454,+0000.0107786331253339,+0000.1544274980098227
+0000.5582681242638809,+0000.2809911613087320,+0000.0110788770084266,+0000.1496618374189602
+0000.5601656570866489,+0000.2836413169666492,+0000.0109889406622183,+0000.1452040852844833
+0000.5620041080962781,+0000.2862377054258686,+0000.0106980279601555,+0000.1410601585176977
+0000.5637800167811849,+0000.2883890798239577,+0000.0105950002542631,+0000.1372359031405942
+0000.5654927176977295,+0000.2899030203027189,+0000.0108671672139393,+0000.1337370947856120
+0000.5671454268232698,+0000.2909801443603067,+0000.0113050053641571,+0000.1305694234522664
+0000.5687419686534873,+0000.2920032837897004,+0000.0115162719078345,+0000.1277384756489776
+0000.5702822871515710,+0000.2931378441983438,+0000.0113301424940683,+0000.1252497261560167
+0000.5717610734530266,+0000.2941561197258798,+0000.0109742664426157,+0000.1231085403784774
+0000.5731708356172559,+0000.2946680811602981,+0000.0108409050178602,+0000.1213201782045856
+0000.5745064371871680,+0000.2945211522012917,+0000.0110826208956479,+0000.1198897897158922
+0000.5757667051710342,+0000.2939562153989623,+0000.0114546790946859,+0000.1188224003353172
+0000.5769515427140918,+0000.2933584966043125,+0000.0115670704252631,+0000.1181228902563326
+0000.5780573395102480,+0000.2928604440947022,+0000.0112862416805578,+0000.1177959747144920
+0000.5790751338247145,+0000.2922064857414099,+0000.0108721918988039,+0000.1178461885350717
+0000.5799933276365911,+0000.2910187537449242,+0000.0107100442427623,+0000.1182778743757223
+0000.5808023514263220,+0000.2891888481178392,+0000.0109136288122858,+0000.1190951716435528
+0000.5814967835975489,+0000.2869914640895973,+0000.0112097501827397,+0000.1203020021301140
+0000.5820728916321434,+0000.2848039453523663,+0000.0112211141683354,+0000.1219020488471550
+0000.5825240011287808,+0000.2827225238429248,+0000.0108547476704349,+0000.1238987273578593
+0000.5828382144762441,+0000.2804709323076023,+0000.0103956993142851,+0000.1262951539018685
+0000.5830007351297906,+0000.2776934980562668,+0000.0102116486671857,+0000.1290941181467570
+0000.5829985940236326,+0000.2743282488755086,+0000.0103750914287134,+0000.1322980656721454
+0000.5828232438924810,+0000.2706755342616829,+0000.0105921354999179,+0000.1359090863459181
+0000.5824685522249303,+0000.2670943450990660,+0000.0105082057089713,+0000.1399288969670321
+0000.5819261888789111,+0000.2636422643884176,+0000.0100727379206625,+0000.1443588088120087
+0000.5811829388035512,+0000.2600297607718043,+0000.0095876168943039,+0000.1491996835303404
+0000.5802226086739586,+0000.2559321088000730,+0000.0093933893377728,+0000.1544518931881954
+0000.5790307398910449,+0000.2513338848277647,+0000.0095200763666658,+0000.1601152989145246
+0000.5775976159846464,+0000.2465515796543658,+0000.0096615582389180,+0000.1661892461220697
+0000.5759167100349553,+0000.2419155983644956,+0000.0094951344640910,+0000.1726725571364582
+0000.5739801498028494,+0000.2374433963875504,+0000.0090129517018878,+0000.1795635021077121
+0000.5717756766747972,+0000.2328396428229077,+0000.0085249314464315,+0000.1868597490558637
+0000.5692881197155703,+0000.2278177857843611,+0000.0083357784560125,+0000.1945583160440562
+0000.5665040137293345,+0000.2224070476568272,+0000.0084333884652039,+0000.2026555501486342
+0000.5634149357769622,+0000.2169296702515362,+0000.0085082593098247,+0000.2111471346616768
+0000.5600163897785764,+0000.2116779748637481,+0000.0082775366889651,+0000.2200280986687103
+0000.5563034060225952,+0000.2066289301772695,+0000.0077748644301922,+0000.2292927993699433
+0000.5522672129730458,+0000.2014887481773541,+0000.0073091651099990,+0000.2389348737396013
+0000.5478962781420909,+0000.1960146316934911,+0000.0071419015093916,+0000.2489471886550261
+0000.5431807481729610,+0000.1902767683175680,+0000.0072206586590719,+0000.2593218248503992
+0000.5381160132127112,+0000.1845924501201339,+0000.0072414355692383,+0000.2700501010979164
+0000.5327019936653440,+0000.1792076753984566,+0000.0069677237652079,+0000.2811226071709914
+0000.5269389283925066,+0000.1740598626014797,+0000.0064720038922986,+0000.2925292051137153
+0000.5208238399141529,+0000.1688638858368537,+0000.0060532845673516,+0000.3042589896816417
+0000.5143511580825145,+0000.1634246249150141,+0000.0059239750636735,+0000.3163002419387977
+0000.5075169030881787,+0000.1578481206853132,+0000.0059945541280975,+0000.3286404220984107
+0000.5003223651819804,+0000.1524363106233098,+0000.0059751099438602,+0000.3412662142508496
+0000.4927737441404968,+0000.1473823899343478,+0000.0056802786791618,+0000.3541635872459934
+0000.4848781777266892,+0000.1425866088464617,+0000.0052173929106731,+0000.3673178205161763
+0000.4766400935557233,+0000.1377793262962399,+0000.0048671013708985,+0000.3807134787771383
+0000.4680614496113442,+0000.1328154233110282,+0000.0047887540617369,+0000.3943343730158907
+0000.4591455902992196,+0000.1278306540316100,+0000.0048601914750919,+0000.4081635641940783
+0000.4499009243195061,+0000.1231020809636452,+0000.0048135651847375,+0000.4221834295321114
+0000.4403408569303591,+0000.1187657983946953,+0000.0045175918959701,+0000.4363757527789754
+0000.4304801072394638,+0000.1146887991451916,+0000.0041093165349628,+0000.4507217770803819
+0000.4203310506923237,+0000.1106233764533881,+0000.0038433762422797,+0000.4652021966120088
+0000.4099036287952438,+0000.1064752382774401,+0000.0038240066145373,+0000.4797971263127789
+0000.3992088220161749,+0000.1024030941059593,+0000.0039019681976752,+0000.4944861156801907
+0000.3882622103034060,+0000.0986510102930389,+0000.0038385450680907,+0000.5092482343354645
+0000.3770841317376172,+0000.0952961613061510,+0000.0035575175631485,+0000.5240621893930835
+0000.3656963335910811,+0000.0921777036081006,+0000.0032195587323285,+0000.5389064040684898
+0000.3541184168975117,+0000.0890758330103893,+0000.0030467245959473,+0000.5537590254961520
+0000.3423674847724607,+0000.0859465164741498,+0000.0030880972212395,+0000.5685979015321498
+0000.3304611927354231,+0000.0829644159831142,+0000.0031737904312822,+0000.5834006008501804
+0000.3184210836598032,+0000.0803342738986736,+0000.0031001303394781,+0000.5981445121020452
+0000.3062729034903158,+0000.0780751380112397,+0000.0028449762154627,+0000.6128069822829820
+0000.2940436261411074,+0000.0760051159043022,+0000.0025858420056026,+0000.6273654159489878
+0000.2817581147310012,+0000.0739376357565837,+0000.0025069544262242,+0000.6417972950861911
+0000.2694385919228981,+0000.0718770482145835,+0000.0026042014116763,+0000.6560801584508422
+0000.2571072464218463,+0000.0700070241071530,+0000.0026941079542188,+0000.6701916215167819
+0000.2447892458122035,+0000.0684886902411404,+0000.0026125832740556,+0000.6841094806726007
+0000.2325131399705113,+0000.0672863237932533,+0000.0023886729421407,+0000.6978118632940949
+0000.2203082931489504,+0000.0662048620942131,+0000.0022095054777607,+0000.7112773392790760
+0000.2082018741675137,+0000.0650954468672365,+0000.0022177328219382,+0000.7244849461433116
+0000.1962182416447549,+0000.0640076871074767,+0000.0023599069373036,+0000.7374141643104649
+0000.1843811032389470,+0000.0631275975100094,+0000.0024463704750554,+0000.7500449287759883
+0000.1727161244611508,+0000.0625705151503422,+0000.0023556323398802,+0000.7623577280486271
+0000.1612513524183809,+0000.0622516369423257,+0000.0021632559439730,+0000.7743337546953205
+0000.1500150793764189,+0000.0619713061723292,+0000.0020585954612585,+0000.7859550189899933
+0000.1390332658145259,+0000.0616217603156825,+0000.0021406029024122,+0000.7972043709673792
+0000.1283289370727685,+0000.0612935248379190,+0000.0023120737804185,+0000.8080654643088939
+0000.1179239077600575,+0000.0611687086578300,+0000.0023846322644923,+0000.8185227513176201
+0000.1078409208402514,+0000.0613167315776090,+0000.0022807814442766,+0000.8285615661378631
+0000.0981040276698213,+0000.0616113505953915,+0000.0021163574985404,+0000.8381682642362467
+0000.0887368958122304,+0000.0618571083383453,+0000.0020756681706357,+0000.8473303276787888
+0000.0797607542678516,+0000.0619893579915965,+0000.0022135117476417,+0000.8560363759929100
+0000.0711938952704292,+0000.0621340111485295,+0000.0023959815091919,+0000.8642761120718496
+0000.0630529890078231,+0000.0624635077887430,+0000.0024432098173452,+0000.8720402933860890
+0000.0553547039092381,+0000.0630030746794987,+0000.0023214308625291,+0000.8793207905487342
+0000.0481159831217763,+0000.0635941205212092,+0000.0021791907036871,+0000.8861107056533273
+0000.0413527956613284,+0000.0640538759435434,+0000.0021888682717136,+0000.8924044601234146
+0000.0350786728673345,+0000.0643612287167816,+0000.0023623104728236,+0000.8981977879430604
+0000.0293043999038030,+0000.0646708078466016,+0000.0025371329783618,+0000.9034876592712338
+0000.0240389548999117,+0000.0651401411152265,+0000.0025486803554423,+0000.9082722236294195
+0000.0192905776436139,+0000.0657535591798686,+0000.0024050252264824,+0000.9125508379500351
+0000.0150668875168884,+0000.0663301043346957,+0000.0022788514383316,+0000.9163241567100843
+0000.0113740619939848,+0000.0667073682033027,+0000.0023243735987598,+0000.9195941962039528
+0000.0082160086386475,+0000.0669064173429939,+0000.0025132672968209,+0000.9223643067215378
+0000.0055943160867258,+0000.0671028930204193,+0000.0026637179161379,+0000.9246390729767170
+0000.0035088568903726,+0000.0674347147550000,+0000.0026321994602807,+0000.9264242288943465
+0000.0019582873751275,+0000.0678498679570974,+0000.0024651912449588,+0000.9277266534228166
+0000.0009399577974903,+0000.0681553325460922,+0000.0023502801660909,+0000.9285544294903265
+0000.0004494869124529,+0000.0682154700323604,+0000.0024181606283761,+0000.9289168824268104
+0000.0004805863895406,+0000.0680903236214577,+0000.0026045585354102,+0000.9288245314535913
+0000.0010253220858333,+0000.0679679841661853,+0000.0027177237495331,+0000.9282889699984486
+0000.0020744217888443,+0000.0679626633275559,+0000.0026401588675715,+0000.9273227560160280
+0000.0036172038059975,+0000.0679914892326950,+0000.0024519285750507,+0000.9259393783862568
+0000.0056412371142462,+0000.0678594803791265,+0000.0023459963210867,+0000.9241532861855406
+0000.0081322666313949,+0000.0674625699868771,+0000.0024252602499012,+0000.9219799031318267
+0000.0110746788893122,+0000.0668947853014582,+0000.0025949732085114,+0000.9194355626007181
+0000.0144521031015172,+0000.0663475165412082,+0000.0026630056567765,+0000.9165373747004980
+0000.0182474645505141,+0000.0659078540155071,+0000.0025415813857689,+0000.9133031000482098
+0000.0224423537627748,+0000.0654682105884191,+0000.0023383419069416,+0000.9097510937418644
+0000.0270164031487684,+0000.0648410971319286,+0000.0022421892056500,+0000.9059003105136526
+0000.0319475061601089,+0000.0639570040015212,+0000.0023251890929616,+0000.9017703007454083
+0000.0372128866280116,+0000.0629373522804015,+0000.0024686246760401,+0000.8973811364155466
+0000.0427900475216986,+0000.0619674535890748,+0000.0024892241661011,+0000.8927532747231254
+0000.0486566090006429,+0000.0611046839186583,+0000.0023312808955342,+0000.8879074261851645
+0000.0547891440446494,+0000.0602233054994999,+0000.0021230642136824,+0000.8828644862421682
+0000.0611622488721045,+0000.0591517873935646,+0000.0020404388917944,+0000.8776455248425368
+0000.0677489915575774,+0000.0578562804206583,+0000.0021229559073739,+0000.8722717721143903
+0000.0745225246314059,+0000.0564777326491124,+0000.0022351981571958,+0000.8667645445622858
+0000.0814573694502178,+0000.0551862030489871,+0000.0022113110169391,+0000.8611451164838563
+0000.0885290759673178,+0000.0540077493242384,+0000.0020285801102036,+0000.8554345945982399
+0000.0957125645678807,+0000.0528052927614449,+0000.0018282938851296,+0000.8496538487855446
+0000.1029808804402851,+0000.0514305056906909,+0000.0017651178284968,+0000.8438234960405270
+0000.1103058042404840,+0000.0498844900819455,+0000.0018458208351927,+0000.8379638848423778
+0000.1176599299112137,+0000.0483190001351315,+0000.0019260387707893,+0000.8320950311828652
+0000.1250182558322609,+0000.0468803425980873,+0000.0018648928778506,+0000.8262365086918011
+0000.1323577019359651,+0000.0455628203786921,+0000.0016721362104333,+0000.8204073414749092
+0000.1396550111042293,+0000.0442249334212271,+0000.0014941104255899,+0000.8146259450489534
+0000.1468851922702641,+0000.0427474464449272,+0000.0014572470947276,+0000.8089101141900809
+0000.1540222275280571,+0000.0411640711669263,+0000.0015366870324921,+0000.8032770142725244
+0000.1610415255902078,+0000.0396282776254943,+0000.0015870615340824,+0000.7977431352502153
+0000.1679217784060444,+0000.0382552614816965,+0000.0014987508085963,+0000.7923242093036629
+0000.1746443707688935,+0000.0370084574759852,+0000.0013120405460834,+0000.7870351312090375
+0000.1811909074818221,+0000.0357488600185880,+0000.0011703141949310,+0000.7818899183046588
+0000.1875413654450549,+0000.0343908003707486,+0000.0011661245149712,+0000.7769017096692250
+0000.1936748377629598,+0000.0329968838705474,+0000.0012455079795261,+0000.7720827703869667
+0000.1995722680196637,+0000.0317133361517535,+0000.0012699271471271,+0000.7674444686814553
+0000.2052185232841246,+0000.0306184385516579,+0000.0011658118165583,+0000.7629972263476590
+0000.2106017317938755,+0000.0296470651921079,+0000.0010007308363336,+0000.7587504721776830
+0000.2157105133962612,+0000.0286695003199102,+0000.0009073600971448,+0000.7547126261866839
+0000.2205318759846338,+0000.0276366921132341,+0000.0009403176737487,+0000.7508911142283831
+0000.2250519466127260,+0000.0266353450446309,+0000.0010203205798681,+0000.7472923877627750
+0000.2292588923349898,+0000.0257960777029129,+0000.0010231044653757,+0000.7439219254967213
+0000.2331451573018229,+0000.0251563298199913,+0000.0009142954092418,+0000.7407842174689437
+0000.2367067650617657,+0000.0246261527351698,+0000.0007843297380974,+0000.7378827524649670
+0000.2399403385203607,+0000.0240916545097591,+0000.0007479795690542,+0000.7352200274008258
+0000.2428407893422078,+0000.0235420439391282,+0000.0008195891432831,+0000.7327975775753808
+0000.2454019973714550,+0000.0230825525585178,+0000.0008994393196102,+0000.7306160107504168
+0000.2476198291218301,+0000.0228208227487664,+0000.0008843175276141,+0000.7286750306017893
+0000.2494944873565994,+0000.0227515942024169,+0000.0007804675918872,+0000.7269734508490963
+0000.2510298153923928,+0000.0227651647374289,+0000.0006958068863230,+0000.7255092129838553
