+0000.9999999999999991,+0000.0000000000000000,+0000.0000000000000000
+0000.9999003004679403,+0000.0000987596002516,+0000.0000009399318075
+0000.9996046025530518,+0000.0003829564916932,+0000.0000124409552541
+0000.9991199329331489,+0000.0008344901479236,+0000.0000455769189265
+0000.9984505495204261,+0000.0014590479075030,+0000.0000904025720700
+0000.9975946319383285,+0000.0022850624264006,+0000.0001203056352702
+0000.9965473162133752,+0000.0033271542547000,+0000.0001255295319240
+0000.9953070752173225,+0000.0045578281023327,+0000.0001350966803442
+0000.9938791506287341,+0000.0059283377227292,+0000.0001925116485357
+0000.9922726548636337,+0000.0074227521618807,+0000.0003045929744848
+0000.9904942032042835,+0000.0090832848235517,+0000.0004225119721639
+0000.9885443496240756,+0000.0109691448772635,+0000.0004865054986597
+0000.9864203256036475,+0000.0130860201555529,+0000.0004936542407988
+0000.9841223654850697,+0000.0153651946373729,+0000.0005124398775564
+0000.9816573758967431,+0000.0177253198058030,+0000.0006173042974530
+0000.9790363368947917,+0000.0201582464549207,+0000.0008054166502868
+0000.9762680019387943,+0000.0227440796419109,+0000.0009879184192943
+0000.9733550980636805,+0000.0255686571084774,+0000.0010762448278413
+0000.9702967472987669,+0000.0286237007313018,+0000.0010795519699305
+0000.9670946972830858,+0000.0317989691796799,+0000.0011063335372331
+0000.9637572108323715,+0000.0349855568834828,+0000.0012572322841448
+0000.9602967889594276,+0000.0381884344670419,+0000.0015147765735298
+0000.9567239786991797,+0000.0415258545808491,+0000.0017501667199704
+0000.9530433552139743,+0000.0451054890938469,+0000.0018511556921778
+0000.9492556042655850,+0000.0489006831607678,+0000.0018437125736466
+0000.9453636201871929,+0000.0527607212215661,+0000.0018756585912398
+0000.9413766002034412,+0000.0565549635998012,+0000.0020684361967566
+0000.9373081122071522,+0000.0603063347865831,+0000.0023855530062639
+0000.9331700488059653,+0000.0641703490849338,+0000.0026596021091000
+0000.9289684073928985,+0000.0682712489653536,+0000.0027603436417471
+0000.9247050125869906,+0000.0725603905686253,+0000.0027345968443835
+0000.9203834459691613,+0000.0768489544571817,+0000.0027675995736561
+0000.9160133316976345,+0000.0809909310236029,+0000.0029957372787615
+0000.9116087715162652,+0000.0850313147325679,+0000.0033599137511663
+0000.9071824811336674,+0000.0891608603061416,+0000.0036566585601901
+0000.9027413826890154,+0000.0935148390676479,+0000.0037437782433358
+0000.8982879470665506,+0000.0980199473600604,+0000.0036921055733883
+0000.8938259225992895,+0000.1024528640421447,+0000.0037212133585650
+0000.8893648003343169,+0000.1066588570571078,+0000.0039763426085746
+0000.8849186376916196,+0000.1107082001067282,+0000.0043731622016514
+0000.8805004104608294,+0000.1148237778478638,+0000.0046758116913057
+0000.8761174305385037,+0000.1191462684384256,+0000.0047363010230698
+0000.8717722895480160,+0000.1235760846337336,+0000.0046516258182496
+0000.8674683569036564,+0000.1278601031891686,+0000.0046715399071739
+0000.8632144146638107,+0000.1318415316649809,+0000.0049440536712077
+0000.8590238895310123,+0000.1356180695956931,+0000.0053580408732938
+0000.8549094504476585,+0000.1394406166356394,+0000.0056499329167012
+0000.8508782630682575,+0000.1434497540734466,+0000.0056719828582951
+0000.8469325181746499,+0000.1475190991720560,+0000.0055483826532936
+0000.8430746729708828,+0000.1513713482543017,+0000.0055539787748147
+0000.8393122467208786,+0000.1548540567508170,+0000.0058336965283036
+0000.8356574783894082,+0000.1580933181867492,+0000.0062492034238421
+0000.8321221961391784,+0000.1613630493083405,+0000.0065147545524805
+0000.8287129188166539,+0000.1647985419444291,+0000.0064885392389162
+0000.8254309552211163,+0000.1682472406774520,+0000.0063218041014308
+0000.8222773661598388,+0000.1714139963868323,+0000.0063086374533280
+0000.8192579129214055,+0000.1741566098777322,+0000.0065854772008615
+0000.8163831548388008,+0000.1766292881535773,+0000.0069875570076208
+0000.8136636130518790,+0000.1791232389189808,+0000.0072131480291394
+0000.8111047284056740,+0000.1817637638857484,+0000.0071315077085766
+0000.8087065206717888,+0000.1843738733577613,+0000.0069196059704493
+0000.8064682526243615,+0000.1866473877175162,+0000.0068843596581215
+0000.8043935237917823,+0000.1884575050902757,+0000.0071489711179412
+0000.8024908186378141,+0000.1899849958026858,+0000.0075241855594993
+0000.8007689828797021,+0000.1915320874154157,+0000.0076989297048813
+0000.7992320466882377,+0000.1932100458290036,+0000.0075579074827579
+0000.7978784364168312,+0000.1948202415713318,+0000.0073013220118359
+0000.7967053256545461,+0000.1960525110753222,+0000.0072421632701309
+0000.7957138665908592,+0000.1967996532139268,+0000.0074864801952132
+0000.7949101954424672,+0000.1972662118819203,+0000.0078235926756114
+0000.7943012355360289,+0000.1977588242724557,+0000.0079399401915144
+0000.7938893946089051,+0000.1983714697082052,+0000.0077391356828890
+0000.7936713254065746,+0000.1988876326566807,+0000.0074410419367439
+0000.7936419522282937,+0000.1990001904130923,+0000.0073578573586132
+0000.7937998316187584,+0000.1986246347538318,+0000.0075755336274090
+0000.7941486172205624,+0000.1979853345064859,+0000.0078660482729508
+0000.7946931998682243,+0000.1973866086274678,+0000.0079201915043071
+0000.7954342881492531,+0000.1969028063248585,+0000.0076629055258874
+0000.7963667183033865,+0000.1963041088186760,+0000.0073291728779368
+0000.7974831481074058,+0000.1952931890170964,+0000.0072236628754970
+0000.7987795374845661,+0000.1938100965599776,+0000.0074103659554557
+0000.8002570702549361,+0000.1920940466224767,+0000.0076488831225862
+0000.8019186377641156,+0000.1904404237383279,+0000.0076409384975557
+0000.8037633126881963,+0000.1889025915439383,+0000.0073340957678647
+0000.8057842129180636,+0000.1872426817555708,+0000.0069731053263649
+0000.8079718576526250,+0000.1851794138217207,+0000.0068487285256536
+0000.8103197569251963,+0000.1826779685253971,+0000.0070022745494058
+0000.8128267828865321,+0000.1799865714590234,+0000.0071866456544436
+0000.8154940001163624,+0000.1773853970853444,+0000.0071206027982923
+0000.8183190439347130,+0000.1749065026207630,+0000.0067744534445232
+0000.8212935472833381,+0000.1723097147028114,+0000.0063967380138497
+0000.8244061565455680,+0000.1693353359613793,+0000.0062585074930519
+0000.8276482169831898,+0000.1659729492792942,+0000.0063788337375153
+0000.8310165813560502,+0000.1624733072194006,+0000.0065101114245484
+0000.8345107871305326,+0000.1590956588607481,+0000.0063935540087184
+0000.8381273522644657,+0000.1558514791202542,+0000.0060211686152793
+0000.8418567784035219,+0000.1525043288570473,+0000.0056388927394297
+0000.8456862261717113,+0000.1488207366608818,+0000.0054930371674057
+0000.8496052811659501,+0000.1448126994528705,+0000.0055820193811785
+0000.8536091830283912,+0000.1407266047334505,+0000.0056642122381575
+0000.8576963473469179,+0000.1367958234541254,+0000.0055078291989558
+0000.8618625939622533,+0000.1330129907621267,+0000.0051244152756189
+0000.8660977439765057,+0000.1291515314046790,+0000.0047507246188143
+0000.8703879560289012,+0000.1250078063273134,+0000.0046042376437848
+0000.8747215548970697,+0000.1206130744842221,+0000.0046653706187073
+0000.8790926597253508,+0000.1162023162599889,+0000.0047050240146595
+0000.8834990465595109,+0000.1119790108794833,+0000.0045219425610050
+0000.8879363266144172,+0000.1079196515815884,+0000.0041440218039933
+0000.8923941585435439,+0000.1038135407741309,+0000.0037923006823242
+0000.8968582485155906,+0000.0994893408609999,+0000.0036524106234086
+0000.9013162207220243,+0000.0949933993803109,+0000.0036903798976639
+0000.9057616194481055,+0000.0905423653062834,+0000.0036960152456100
+0000.9101921069237818,+0000.0863068952676347,+0000.0035009978085828
+0000.9146036116035048,+0000.0822508957725553,+0000.0031454926239391
+0000.9189861807732125,+0000.0781852435918955,+0000.0028285756348911
+0000.9233256480786629,+0000.0739721779082032,+0000.0027021740131330
+0000.9276095224460368,+0000.0696681235764882,+0000.0027223539774742
+0000.9318313351691312,+0000.0654648576870153,+0000.0027038071438528
+0000.9359891670913753,+0000.0614984704794370,+0000.0025123624291869
+0000.9400797896872176,+0000.0577245640285285,+0000.0021956462842530
+0000.9440941862991039,+0000.0539807795276185,+0000.0019250341732766
+0000.9480188911584061,+0000.0501630034351826,+0000.0018181054064104
+0000.9518418705014289,+0000.0463321056347251,+0000.0018260238638450
+0000.9555571829239624,+0000.0426490880535425,+0000.0017937290224940
+0000.9591638298105932,+0000.0392149780731979,+0000.0016211921162080
+0000.9626599147603120,+0000.0359819242662522,+0000.0013581609734351
+0000.9660378644738207,+0000.0328188437202576,+0000.0011432918059210
+0000.9692854432898462,+0000.0296541695202955,+0000.0010603871898575
+0000.9723915977330149,+0000.0265472039892580,+0000.0010611982777261
+0000.9753513961218296,+0000.0236231379627161,+0000.0010254659154533
+0000.9781651965808672,+0000.0209486997407893,+0000.0008861036783427
+0000.9808328530066881,+0000.0184778221369490,+0000.0006893248563624
+0000.9833486688028052,+0000.0161143820754013,+0000.0005369491217924
+0000.9857020905792380,+0000.0138171634757842,+0000.0004807459449770
+0000.9878834851068893,+0000.0116377627365221,+0000.0004787521565877
+0000.9898893225986116,+0000.0096615883379667,+0000.0004490890634208
+0000.9917216575052091,+0000.0079230577188975,+0000.0003552847758927
+0000.9933824116541565,+0000.0063833132276439,+0000.0002342751181986
+0000.9948680956094258,+0000.0049839266935003,+0000.0001479776970729
+0000.9961701845144513,+0000.0037108563777608,+0000.0001189591077870
+0000.9972807945459701,+0000.0026019864044050,+0000.0001172190496244
+0000.9981980734365614,+0000.0017001924876072,+0000.0001017340758306
+0000.9989259904748189,+0000.0010107098903085,+0000.0000632996348718
+0000.9994687295546475,+0000.0005072933264995,+0000.0000239771188518
+0000.9998252138916521,+0000.0001709056820630,+0000.0000038804262841
+0000.9999891661032223,+0000.0000106700673765,+0000.0000001638294006
+0000.9999546498373801,+0000.0000451345385381,+0000.0000002156240813
+0000.9997216309596070,+0000.0002732209648099,+0000.0000051480755823
+0000.9992960746440490,+0000.0006751219630427,+0000.0000288033929072
+0000.9986844827387049,+0000.0012423714950871,+0000.0000731457662071
+0000.9978882578903453,+0000.0019959247295125,+0000.0001158173801415
+0000.9969034489318014,+0000.0029634018736677,+0000.0001331491945301
+0000.9957261224768756,+0000.0041390069471931,+0000.0001348705759305
+0000.9943580587205684,+0000.0054776724233777,+0000.0001642688560531
+0000.9928071551037930,+0000.0069395278518288,+0000.0002533170443772
+0000.9910821435353543,+0000.0085386080666590,+0000.0003792483979860
+0000.9891868296743869,+0000.0103353465460888,+0000.0004778237795235
+0000.9871195236204514,+0000.0123707293737859,+0000.0005097470057619
+0000.9848782059653599,+0000.0146104312485733,+0000.0005113627860660
+0000.9824663232973126,+0000.0169667467685738,+0000.0005669299341127
+0000.9798934995230650,+0000.0193853563441292,+0000.0007211441328051
+0000.9771704690130829,+0000.0219068746714453,+0000.0009226563154710
+0000.9743032258953720,+0000.0246296004576456,+0000.0010671736469817
+0000.9712921390065771,+0000.0276024983454040,+0000.0011053626480181
+0000.9681368772081512,+0000.0307595236859075,+0000.0011035991059405
+0000.9648422713646512,+0000.0339730186365329,+0000.0011847099988151
+0000.9614193358911072,+0000.0371802299892457,+0000.0014004341196462
+0000.9578804537450307,+0000.0404516107979439,+0000.0016679354570241
+0000.9542334691484196,+0000.0439206648123879,+0000.0018458660391917
+0000.9504804848445036,+0000.0476389041072712,+0000.0018806110482244
+0000.9466225124316198,+0000.0515065018829820,+0000.0018709856853975
+0000.9426653697109212,+0000.0553597616096365,+0000.0019748686794415
+0000.9386210162745425,+0000.0591336628915612,+0000.0022453208338955
+0000.9345030254218657,+0000.0629307839209511,+0000.0025661906571828
+0000.9303206518152880,+0000.0669162125794402,+0000.0027631356052710
+0000.9260773083800625,+0000.0711387430529683,+0000.0027839485669686
+0000.9217749089773590,+0000.0754639176269448,+0000.0027611733956955
+0000.9174197724813886,+0000.0796969896057140,+0000.0028832379128967
+0000.9130242771279697,+0000.0837767301824580,+0000.0031989926895714
+0000.9086026528718336,+0000.0878390395383167,+0000.0035583075898491
+0000.9041650531800717,+0000.0920761262319294,+0000.0037588205879982
+0000.8997157084868040,+0000.0965291667387642,+0000.0037551247744307
+0000.8952569306909959,+0000.1010294767405483,+0000.0037135925684551
+0000.8907949980137948,+0000.1053571276476836,+0000.0038478743385209
+0000.8863421332947314,+0000.1094603774662998,+0000.0041974892389683
+0000.8819126480467638,+0000.1135084754098253,+0000.0045788765434100
+0000.8775170449952827,+0000.1177155911214308,+0000.0047673638832856
+0000.8731598449207484,+0000.1221109321222883,+0000.0047292229569624
+0000.8688432251822393,+0000.1264932354736714,+0000.0046635393440886
+0000.8645728622060916,+0000.1306239104363178,+0000.0048032273575896
+0000.8603602388745593,+0000.1344657908685757,+0000.0051739702568644
+0000.8562191686161489,+0000.1382202947549366,+0000.0055605366289140
+0000.8521599525133904,+0000.1421178672361763,+0000.0057221802504325
+0000.8481868766882605,+0000.1461721047415929,+0000.0056410185701458
+0000.8443014602583243,+0000.1501520007945351,+0000.0055465389471398
+0000.8405082351023178,+0000.1538072217387199,+0000.0056845431589612
+0000.8368173868823154,+0000.1571194409646914,+0000.0060631721529926
+0000.8332416839937294,+0000.1603198650816607,+0000.0064384509246089
+0000.8297907102026447,+0000.1636491917240369,+0000.0065600980733175
+0000.8264680304898275,+0000.1671026061503441,+0000.0064293633598275
+0000.8232740274677085,+0000.1704232798745728,+0000.0063026926577179
+0000.8202116007479308,+0000.1733561898292399,+0000.0064322094228285
+0000.8172891449462740,+0000.1759051008739473,+0000.0068057541797778
+0000.8145179042965121,+0000.1783274814133539,+0000.0071546142901332
+0000.8119062989503899,+0000.1808681221792802,+0000.0072255788703288
+0000.8094567584192930,+0000.1835019406196121,+0000.0070413009610942
+0000.8071681294306698,+0000.1859511541995643,+0000.0068807163697649
+0000.8050412796873075,+0000.1879629707056435,+0000.0069957496070482
+0000.8030824144235345,+0000.1895653411194023,+0000.0073522444570624
+0000.8013008730659611,+0000.1910374202054314,+0000.0076617067286067
+0000.7997035646457293,+0000.1926220029596444,+0000.0076744323946254
+0000.7982914696680135,+0000.1942728927403324,+0000.0074356375916536
+0000.7970616065708135,+0000.1956969940871216,+0000.0072413993420639
+0000.7960125268298136,+0000.1966502737640305,+0000.0073371994061550
+0000.7951479692895901,+0000.1971857079474878,+0000.0076663227629213
+0000.7944751105532033,+0000.1975986539558889,+0000.0079262354909068
+0000.7939991225192061,+0000.1981240987959249,+0000.0078767786848682
+0000.7937193456560167,+0000.1986949265488898,+0000.0075857277950929
+0000.7936308055435521,+0000.1990089437888634,+0000.0073602506675835
+0000.7937295880715898,+0000.1988367723703918,+0000.0074336395580175
+0000.7940168279101603,+0000.1982559505576443,+0000.0077272215321944
+0000.7944974194607408,+0000.1975718239609168,+0000.0079307565783413
+0000.7951747074300860,+0000.1970062339842658,+0000.0078190585856473
+0000.7960463370591158,+0000.1964723753069597,+0000.0074812876339234
+0000.7971053165754548,+0000.1956655279225925,+0000.0072291555019517
+0000.7983452626064118,+0000.1943760215283200,+0000.0072787158652675
+0000.7997647158505898,+0000.1927041985689798,+0000.0075310855804294
+0000.8013663145627585,+0000.1909586577006567,+0000.0076750277365840
+0000.8031516273881725,+0000.1893434149032872,+0000.0075049577085394
+0000.8051166890462150,+0000.1877541981780794,+0000.0071291127757046
+0000.8072526087973948,+0000.1858904616541072,+0000.0068569295484970
+0000.8095506771134511,+0000.1835662775911045,+0000.0068830452954436
+0000.8120069979592384,+0000.1809018012661460,+0000.0070912007746148
+0000.8146221220477904,+0000.1782018616121301,+0000.0071760163400784
+0000.8173960299390719,+0000.1756487887496923,+0000.0069551813112350
+0000.8203233649431668,+0000.1731239828502067,+0000.0065526522066259
+0000.8233935918102792,+0000.1703376739487944,+0000.0062687342409254
+0000.8265959561597823,+0000.1671305620736939,+0000.0062734817665231
+0000.8299244188851808,+0000.1636385035769068,+0000.0064370775379116
+0000.8333777419364401,+0000.1601554960859041,+0000.0064667619776551
+0000.8369546289715126,+0000.1568392767395126,+0000.0062060942889739
+0000.8406486707436424,+0000.1535608643156228,+0000.0057904649407341
+0000.8444480620657716,+0000.1500475463953203,+0000.0055043915389072
+0000.8483404055078158,+0000.1461683027883176,+0000.0054912917038657
+0000.8523179294168030,+0000.1420696189423570,+0000.0056124516408395
+0000.8563780148805820,+0000.1380278151579118,+0000.0055941699615053
+0000.8605185010213101,+0000.1341741827063125,+0000.0053073162723768
+0000.8647323617753607,+0000.1303739762854652,+0000.0048936619391731
+0000.8690069926822717,+0000.1263772961875283,+0000.0046157111301993
+0000.8733288499445424,+0000.1220817875093184,+0000.0045893625461386
+0000.8776889295355635,+0000.1176387333896327,+0000.0046723370748027
+0000.8820837203769010,+0000.1133003963350384,+0000.0046158832880597
+0000.8865106816689660,+0000.1091708866894837,+0000.0043184316415493
+0000.8909626736592781,+0000.1051148228407770,+0000.0039225034999444
+0000.8954268288905097,+0000.1009101619470597,+0000.0036630091624296
+0000.8998890169269526,+0000.0964823508878632,+0000.0036286321851836
+0000.9043395581318381,+0000.0919811127798177,+0000.0036793290883433
+0000.9087745850343624,+0000.0876289729479613,+0000.0035964420176755
+0000.9131916998691069,+0000.0835032667009293,+0000.0033050334299631
+0000.9175841855517399,+0000.0794734353822756,+0000.0029423790659836
+0000.9219394786347707,+0000.0753494694047364,+0000.0027110519604921
+0000.9262434489022829,+0000.0710825715901150,+0000.0026739795076015
+0000.9304863177592889,+0000.0668142767780584,+0000.0026994054626519
+0000.9346644073369361,+0000.0627326061555829,+0000.0026029865074801
+0000.9387759876008869,+0000.0588896477528544,+0000.0023343646462578
+0000.9428152972036267,+0000.0551652648686038,+0000.0020194379277686
+0000.9467706374990553,+0000.0514046656238992,+0000.0018246968770445
+0000.9506284548680157,+0000.0475816928617992,+0000.0017898522701842
+0000.9543794303910970,+0000.0438230621371806,+0000.0017975074717214
+0000.9580205944775778,+0000.0402786142625456,+0000.0017007912598757
+0000.9615513744263727,+0000.0369777780667288,+0000.0014708475068977
+0000.9649674579917242,+0000.0338163791286688,+0000.0012161628796059
+0000.9682585293752849,+0000.0306769477480558,+0000.0010645228766580
+0000.9714121406542523,+0000.0275519332720511,+0000.0010359260736961
+0000.9744199366088585,+0000.0245468669022905,+0000.0010331964888501
+0000.9772801115732408,+0000.0217709611109310,+0000.0009489273158274
+0000.9799936700947832,+0000.0192345312630970,+0000.0007717986421186
+0000.9825581688319946,+0000.0168546482282938,+0000.0005871829397106
+0000.9849651164683324,+0000.0145521392385774,+0000.0004827442930894
+0000.9872036190643884,+0000.0123332949072242,+0000.0004630860283870
+0000.9892667016689720,+0000.0102766214289446,+0000.0004566769020828
+0000.9911540836619210,+0000.0084495739518674,+0000.0003963423862105
+0000.9928686670501403,+0000.0068477169471842,+0000.0002836160026749
+0000.9944101946182484,+0000.0054141998984071,+0000.0001756054833435
+0000.9957723362028921,+0000.0041079814350202,+0000.0001196823620871
+0000.9969460912749871,+0000.0029439077463763,+0000.0001100009786358
+0000.9979261673466615,+0000.0019683814032182,+0000.0001054512501197
+0000.9987140502656264,+0000.0012073298686401,+0000.0000786198657327
+0000.9993147365905773,+0000.0006465716326104,+0000.0000386917768115
+0000.9997303476550732,+0000.0002595387335226,+0000.0000101136114036
+0000.9999569246326113,+0000.0000420434918805,+0000.0000010318755072
+0000.9999875702685672,+0000.0000119093992078,+0000.0000005203322242
+0000.9998188431506401,+0000.0001793258968371,+0000.0000018309525220
+0000.9994541001567142,+0000.0005302674504213,+0000.0000156323928636
+0000.9989004911464919,+0000.0010462516308737,+0000.0000532572226336
+0000.9981625697114574,+0000.0017344067026559,+0000.0001030235858857
+0000.9972388189938536,+0000.0026250738891987,+0000.0001361071169468
+0000.9961245133208929,+0000.0037334183859833,+0000.0001420682931230
+0000.9948180871574311,+0000.0050304443035843,+0000.0001514685389837
+0000.9933247281191286,+0000.0064650261295820,+0000.0002102457512885
+0000.9916536537799830,+0000.0080200430569585,+0000.0003263031630573
+0000.9898117603197087,+0000.0097388065676764,+0000.0004494331126142
+0000.9877999001929357,+0000.0116829141241168,+0000.0005171856829469
+0000.9856154435541085,+0000.0138594131159196,+0000.0005251433299712
+0000.9832585811583031,+0000.0161984101057984,+0000.0005430087358977
+0000.9807361479273535,+0000.0186156934123957,+0000.0006481586602499
+0000.9780592028895443,+0000.0211011489797025,+0000.0008396481307524
+0000.9752367566750660,+0000.0237357249052601,+0000.0010275184196731
+0000.9722718209373714,+0000.0266081838075856,+0000.0011199952550421
+0000.9691636489694080,+0000.0297123945151671,+0000.0011239565154241
+0000.9659139329399183,+0000.0329371863213915,+0000.0011488807386894
+0000.9625308398285077,+0000.0361702720992004,+0000.0012988880722911
+0000.9590269162807313,+0000.0394139341365135,+0000.0015591495827541
+0000.9554129349399783,+0000.0427871037253947,+0000.0017999613346265
+0000.9516937340834666,+0000.0464009541261378,+0000.0019053117903948
+0000.9478701167806902,+0000.0502317173009170,+0000.0018981659183921
+0000.9439449046048684,+0000.0541279178827850,+0000.0019271775123461
+0000.9399271697133513,+0000.0579549972212413,+0000.0021178330654061
+0000.9358304866312011,+0000.0617325360248587,+0000.0024369773439393
+0000.9316669357648446,+0000.0656166521992559,+0000.0027164120358985
+0000.9274427501212168,+0000.0697356868061623,+0000.0028215630726202
+0000.9231598527945291,+0000.0740445565582130,+0000.0027955906472569
+0000.9188217316133870,+0000.0783537732434149,+0000.0028244951431971
+0000.9144378531136315,+0000.0825128684871003,+0000.0030492783992674
+0000.9100222828886616,+0000.0865629195313484,+0000.0034147975799891
+0000.9055878823507557,+0000.0906952937547678,+0000.0037168238944755
+0000.9011417777478027,+0000.0950499581494918,+0000.0038082641027047
+0000.8966865167167805,+0000.0995577609225892,+0000.0037557223606296
+0000.8922257311374949,+0000.1039947278741957,+0000.0037795409883085
+0000.8877687206073976,+0000.1082011432771658,+0000.0040301361154356
+0000.8833294619730339,+0000.1122428831497692,+0000.0044276548771961
+0000.8789210325546838,+0000.1163435289808205,+0000.0047354384644949
+0000.8745509150578710,+0000.1206490300080228,+0000.0048000549341054
+0000.8702217554155902,+0000.1250644460907495,+0000.0047137984936596
+0000.8659367843276784,+0000.1293359477349033,+0000.0047272679374175
+0000.8617045594913199,+0000.1333012661214251,+0000.0049941743872541
+0000.8575383832361894,+0000.1370533232894671,+0000.0054082934743429
+0000.8534509820929138,+0000.1408438627765643,+0000.0057051551305213
+0000.8494496597099832,+0000.1448192692766781,+0000.0057310710133377
+0000.8455366402189659,+0000.1488581960962184,+0000.0056051636848152
+0000.8417142224430794,+0000.1526825205994721,+0000.0056032569574476
+0000.8379896714658996,+0000.1561338780848547,+0000.0058764504492448
+0000.8343750609403376,+0000.1593333096018074,+0000.0062916294578542
+0000.8308822351639200,+0000.1625557707446537,+0000.0065619940914256
+0000.8275178208439956,+0000.1659428255567239,+0000.0065393535992798
+0000.8242831427415611,+0000.1693472307943736,+0000.0063696264640644
+0000.8211790882259875,+0000.1724728581931584,+0000.0063480535808534
+0000.8182111396976650,+0000.1751712092862107,+0000.0066176510161237
+0000.8153896551618706,+0000.1775912690920553,+0000.0070190757460735
+0000.8127251349898037,+0000.1800255100227362,+0000.0072493549874591
+0000.8102231024053244,+0000.1826058926797817,+0000.0071710049148931
+0000.8078835811565740,+0000.1851609003598445,+0000.0069555184835806
+0000.8057056518668022,+0000.1873831809059759,+0000.0069111672272210
+0000.8036926173043893,+0000.1891393326683094,+0000.0071680500273005
+0000.8018527312661559,+0000.1906048371181449,+0000.0075424316156983
+0000.8001947880767679,+0000.1920834249336439,+0000.0077217869895873
+0000.7987228810654287,+0000.1936933093962412,+0000.0075838095383294
+0000.7974354354274245,+0000.1952413811471948,+0000.0073231834253797
+0000.7963294415670379,+0000.1964160934417959,+0000.0072544649911653
+0000.7954057451918614,+0000.1971034354231529,+0000.0074908193849849
+0000.7946702305187954,+0000.1975026917853724,+0000.0078270776958312
+0000.7941297464242792,+0000.1979222349054645,+0000.0079480186702554
+0000.7937867519909129,+0000.1984631689618102,+0000.0077500790472762
+0000.7936379014865138,+0000.1989144376334029,+0000.0074476608800826
+0000.7936779435122703,+0000.1989673242278688,+0000.0073547322598602
+0000.7939051273728260,+0000.1985304007714212,+0000.0075644718557520
+0000.7943228422046541,+0000.1978228939759316,+0000.0078542638194136
+0000.7949358896629664,+0000.1971510650422408,+0000.0079130452947922
+0000.7957450258798086,+0000.1965964453975447,+0000.0076585287226458
+0000.7967450995266685,+0000.1959345160695097,+0000.0073203844038211
+0000.7979286089767457,+0000.1948661625162318,+0000.0072052285070218
+0000.7992912153766913,+0000.1933245110655641,+0000.0073842735577438
+0000.8008338346194767,+0000.1915438276115553,+0000.0076223377689674
+0000.8025592626621147,+0000.1898216033177999,+0000.0076191340200845
+0000.8044666239626987,+0000.1882183163008746,+0000.0073150597364256
+0000.8065490678143962,+0000.1865011531687906,+0000.0069497790168126
+0000.8087969788238715,+0000.1843868870842962,+0000.0068161340918315
+0000.8112035856163163,+0000.1818338818300012,+0000.0069625325536815
+0000.8137674977631653,+0000.1790856685095680,+0000.0071468337272662
+0000.8164896863781166,+0000.1764246339570710,+0000.0070856796648116
+0000.8193678502845957,+0000.1738897563402616,+0000.0067423933751419
+0000.8223936801167255,+0000.1712456026997481,+0000.0063607171835255
+0000.8255557201397186,+0000.1682304215140106,+0000.0062138583462702
+0000.8288450596096069,+0000.1648271950063061,+0000.0063277453840862
+0000.8322583019558897,+0000.1612822826328277,+0000.0064594154112814
+0000.8357949002965517,+0000.1578571793014468,+0000.0063479204020008
+0000.8394514542023326,+0000.1545699652019733,+0000.0059785805956929
+0000.8432185553520675,+0000.1511885757791880,+0000.0055928688687437
+0000.8470833010240093,+0000.1474774433049935,+0000.0054392556709963
+0000.8510350528768548,+0000.1434422872615897,+0000.0055226598615545
+0000.8550688210153516,+0000.1393254336470650,+0000.0056057453375826
+0000.8591829515733438,+0000.1353624496298860,+0000.0054545987967693
+0000.8633733689392323,+0000.1315521456195215,+0000.0050744854412456
+0000.8676300209253209,+0000.1276719236077349,+0000.0046980554669433
+0000.8719390461075173,+0000.1235160842381964,+0000.0045448696542856
+0000.8762885822822272,+0000.1191100327329046,+0000.0046013849848673
+0000.8806725436403386,+0000.1146850330312738,+0000.0046424233283865
+0000.8850886556438878,+0000.1104466203688003,+0000.0044647239873110
+0000.8895326598912471,+0000.1063769305806161,+0000.0040904095281362
+0000.8939943807109434,+0000.1022688350078328,+0000.0037367842812227
+0000.8984595499047310,+0000.0979490596277523,+0000.0035913904675160
+0000.9029156444641269,+0000.0934586129696503,+0000.0036257425662220
+0000.9073560310675642,+0000.0890107695008376,+0000.0036331994315974
+0000.9117783421489120,+0000.0847780070676266,+0000.0034436507834606
+0000.9161786631274553,+0000.0807292545191817,+0000.0030920823533622
+0000.9205472459686667,+0000.0766785587325706,+0000.0027741952987616
+0000.9248699957937009,+0000.0724864406051365,+0000.0026435636011618
+0000.9291343147168912,+0000.0682045794510092,+0000.0026611058320990
+0000.9333335843693612,+0000.0640217008802302,+0000.0026447147504080
+0000.9374658763287173,+0000.0600753866438840,+0000.0024587370273979
+0000.9415281441193607,+0000.0563255711671036,+0000.0021462847135347
+0000.9455116125071140,+0000.0526126959145226,+0000.0018756915783623
+0000.9494029308953889,+0000.0488312442576284,+0000.0017658248469819
+0000.9531899974812360,+0000.0450379980484432,+0000.0017720044703201
+0000.9568667475849789,+0000.0413911973817429,+0000.0017420550332774
+0000.9604321914562904,+0000.0379929398628027,+0000.0015748686809059
+0000.9638846361563571,+0000.0347989666243126,+0000.0013163972193294
+0000.9672167820917612,+0000.0316806719331908,+0000.0011025459750473
+0000.9704165481587261,+0000.0285654970063620,+0000.0010179548349110
+0000.9734728479200629,+0000.0255093610121318,+0000.0010177910678044
+0000.9763806492515663,+0000.0226349365744296,+0000.0009844141740033
+0000.9791403329122714,+0000.0200095161926003,+0000.0008501508951269
+0000.9817519720353306,+0000.0175898568879391,+0000.0006581710767293
+0000.9842101695952195,+0000.0152820516693985,+0000.0005077787353810
+0000.9865045599362426,+0000.0130443949012921,+0000.0004510451624644
+0000.9886255064508822,+0000.0109258339632517,+0000.0004486595858654
+0000.9905693964828750,+0000.0090094463174461,+0000.0004211571996781
+0000.9923383148768569,+0000.0073296329273342,+0000.0003320521958082
+0000.9939344112128790,+0000.0058495851531330,+0000.0002160036339871
+0000.9953545134913511,+0000.0045129039329972,+0000.0001325825756509
+0000.9965903100527885,+0000.0033056426533554,+0000.0001040472938553
+0000.9976339363859636,+0000.0022637808667028,+0000.0001022827473324
+0000.9984834683722299,+0000.0014279862312746,+0000.0000885453964943
+0000.9991429062218147,+0000.0008028351536054,+0000.0000542586245791
+0000.9996166616723450,+0000.0003633706920858,+0000.0000199676355683
+0000.9999039841379631,+0000.0000924804671080,+0000.0000035353949281
+0000.9999988261669895,+0000.0000000374811078,+0000.0000011363519019
+0000.9998952856103540,+0000.0001034208283298,+0000.0000012935613156
+0000.9995932601441380,+0000.0003993981069734,+0000.0000073417488881
+0000.9990987384497251,+0000.0008668143094499,+0000.0000344472408242
+0000.9984184412521935,+0000.0014977658290757,+0000.0000837929187302
+0000.9975540965032883,+0000.0023151152870831,+0000.0001307882096279
+0000.9965019905128070,+0000.0033479421934053,+0000.0001500672937868
+0000.9952582308336451,+0000.0045899896835163,+0000.0001517794828377
+0000.9938245255270598,+0000.0059940186440833,+0000.0001814558288558
+0000.9922087800345800,+0000.0075180929844762,+0000.0002731269809431
+0000.9904199270621399,+0000.0091761371518999,+0000.0004039357859594
+0000.9884620870603626,+0000.0110305622017616,+0000.0005073507378748
+0000.9863338060899993,+0000.0131245594983821,+0000.0005416344116178
+0000.9840331044819542,+0000.0154240058168390,+0000.0005428897012059
+0000.9815633454572966,+0000.0178389369175357,+0000.0005977176251668
+0000.9789341377469012,+0000.0203122386558449,+0000.0007536235972530
+0000.9761563898525000,+0000.0228838114194998,+0000.0009597987279994
+0000.9732363911816144,+0000.0256540851510644,+0000.0011095236673207
+0000.9701747366553084,+0000.0286749922552978,+0000.0011502710893930
+0000.9669711265135610,+0000.0318812921537806,+0000.0011475813326577
+0000.9636302905941229,+0000.0351429151951363,+0000.0012267942107399
+0000.9601631982578168,+0000.0383935927206340,+0000.0014432090215483
+0000.9565823724186656,+0000.0417025411765678,+0000.0017150864047660
+0000.9528959252338344,+0000.0452056248477029,+0000.0018984499184618
+0000.9491061685204358,+0000.0489580812408027,+0000.0019357502387610
+0000.9452141310129245,+0000.0528614151187773,+0000.0019244538682972
+0000.9412255067495634,+0000.0567493065795033,+0000.0020251866709325
+0000.9371521751384653,+0000.0605525257388947,+0000.0022952991226392
+0000.9330078093085911,+0000.0643719827470501,+0000.0026202079443581
+0000.9288018983146271,+0000.0683754193846579,+0000.0028226823007142
+0000.9245380416816669,+0000.0726160863637097,+0000.0028458719546226
+0000.9202181519766601,+0000.0769612998034226,+0000.0028205482199164
+0000.9158483982438077,+0000.0812134292825914,+0000.0029381724736003
+0000.9114410399902507,+0000.0853063874533918,+0000.0032525725563566
+0000.9070103628560973,+0000.0893740713817027,+0000.0036155657621991
+0000.9025667169529789,+0000.0936116861819553,+0000.0038215968650650
+0000.8981144933777663,+0000.0980655479914809,+0000.0038199586307521
+0000.8936559821098418,+0000.1025690958835316,+0000.0037749220066258
+0000.8891972841646396,+0000.1068992205491753,+0000.0039034952861841
+0000.8847504637946544,+0000.1109987342038339,+0000.0042508020015108
+0000.8803298422231844,+0000.1150346458748344,+0000.0046355119019803
+0000.8759460790893926,+0000.1192244963658075,+0000.0048294245447990
+0000.8716038286321861,+0000.1236032478667317,+0000.0047929235010813
+0000.8673052256263062,+0000.1279720137039915,+0000.0047227606697015
+0000.8630557427701672,+0000.1320887028697663,+0000.0048555543600658
+0000.8588666654128487,+0000.1359101929505215,+0000.0052231416366289
+0000.8547517711820295,+0000.1396355205034085,+0000.0056127083145611
+0000.8507214786639776,+0000.1434988891917539,+0000.0057796321442675
+0000.8467801812109036,+0000.1475201788239738,+0000.0056996399651218
+0000.8429293368226839,+0000.1514709150979281,+0000.0055997480793873
+0000.8391732501359226,+0000.1550969375227822,+0000.0057298123412946
+0000.8355218734482847,+0000.1583735421459296,+0000.0061045844057848
+0000.8319878965599338,+0000.1615295029393042,+0000.0064826005007613
+0000.8285809838854721,+0000.1648096559444405,+0000.0066093601700865
+0000.8253047845234450,+0000.1682158967678729,+0000.0064793187086813
+0000.8221596056038533,+0000.1714939914839563,+0000.0063464029121898
+0000.8191481009900256,+0000.1743847730608793,+0000.0064671259490944
+0000.8162784012499047,+0000.1768853072829132,+0000.0068362914671814
+0000.8135616340082941,+0000.1792506596379556,+0000.0071877063537495
+0000.8110062677827434,+0000.1817301112336654,+0000.0072636209835906
+0000.8086147980978573,+0000.1843056029887429,+0000.0070795989133992
+0000.8063859877658440,+0000.1867019228395458,+0000.0069120893946093
+0000.8043204469518028,+0000.1886618437015913,+0000.0070177093466050
+0000.8024240930344478,+0000.1902064020115699,+0000.0073695049539814
+0000.8007061173393357,+0000.1916124483061558,+0000.0076814343545075
+0000.7991734512225759,+0000.1931275722129731,+0000.0076989765644501
+0000.7978271296229931,+0000.1947127915609048,+0000.0074600788161015
+0000.7966640859298701,+0000.1960774811968694,+0000.0072584328732595
+0000.7956826103085562,+0000.1969729248477913,+0000.0073444648436517
+0000.7948861381240413,+0000.1974450786641498,+0000.0076687832118082
+0000.7942816742133691,+0000.1977871491094596,+0000.0079311766771703
+0000.7938743942137830,+0000.1982391560226408,+0000.0078864497635753
+0000.7936636890122374,+0000.1987412627193045,+0000.0075950482684572
+0000.7936445061815883,+0000.1989935832023559,+0000.0073619106160550
+0000.7938126753461364,+0000.1987618665044467,+0000.0074254581494161
+0000.7941690210579948,+0000.1981166358124972,+0000.0077143431295072
+0000.7947182509017269,+0000.1973612779465093,+0000.0079204711517633
+0000.7954637028692693,+0000.1967228231478006,+0000.0078134739829291
+0000.7964030766608052,+0000.1961216840775706,+0000.0074752392616231
+0000.7975293180348865,+0000.1952552383679942,+0000.0072154435971183
+0000.7988358014602481,+0000.1939088256643571,+0000.0072553728753940
+0000.8003207601077611,+0000.1921758858889418,+0000.0075033540032962
+0000.8019866391987168,+0000.1903632726246812,+0000.0076500881766011
+0000.8038349984445050,+0000.1886802512129863,+0000.0074847503425080
+0000.8058619390297812,+0000.1870295849152600,+0000.0071084760549579
+0000.8080585315208523,+0000.1851125864195367,+0000.0068288820596103
+0000.8104158470684920,+0000.1827383054111676,+0000.0068458475203395
+0000.8129296935971183,+0000.1800202088396691,+0000.0070500975632118
+0000.8156004310473928,+0000.1772615985337973,+0000.0071379704188089
+0000.8184280365826648,+0000.1746500091194804,+0000.0069219542978539
+0000.8214072392820196,+0000.1720735805288616,+0000.0065191801891181
+0000.8245274963860940,+0000.1692441517216446,+0000.0062283518922605
+0000.8277778648729929,+0000.1659974619725422,+0000.0062246731544644
+0000.8311520290979532,+0000.1624629862553284,+0000.0063849846467177
+0000.8346485700719436,+0000.1589334002329643,+0000.0064180296950913
+0000.8382662003272670,+0000.1555714891886987,+0000.0061623104840336
+0000.8419986217866576,+0000.1522546158696852,+0000.0057467623436563
+0000.8458340590039792,+0000.1487114356752858,+0000.0054545053207340
+0000.8497599630399216,+0000.1448061305257143,+0000.0054339064343633
+0000.8537683118472463,+0000.1406791927008609,+0000.0055524954518919
+0000.8578563215914141,+0000.1366057967374812,+0000.0055378816711039
+0000.8620218577783807,+0000.1327220120711034,+0000.0052561301505152
+0000.8662580353560861,+0000.1288989570595864,+0000.0048430075843264
+0000.8705523211461850,+0000.1248878858755249,+0000.0045597929782892
+0000.8748910616253889,+0000.1205819130718012,+0000.0045270253028092
+0000.8792650333876957,+0000.1161267843840647,+0000.0046081822282388
+0000.8836705808567646,+0000.1117737492804894,+0000.0045556698627453
+0000.8881052104998834,+0000.1076313146371801,+0000.0042634748629357
+0000.8925619558603075,+0000.1035694160988072,+0000.0038686280408843
+0000.8970280645029850,+0000.0993669953474596,+0000.0036049401495546
+0000.9014893406063706,+0000.0949453405067210,+0000.0035653188869075
+0000.9059359189907511,+0000.0904491451516195,+0000.0036149358576286
+0000.9103638104809960,+0000.0860999983847903,+0000.0035361911342129
+0000.9147706867286705,+0000.0819791447232020,+0000.0032501685481269
+0000.9191500364604575,+0000.0779607505991989,+0000.0028892129403425
+0000.9234894549178114,+0000.0738556816131557,+0000.0026548634690324
+0000.9277747911438887,+0000.0696114544491559,+0000.0026137544069545
+0000.9319961154695051,+0000.0653651176727245,+0000.0026387668577696
+0000.9361496513218880,+0000.0613037672665536,+0000.0025465814115573
+0000.9402337592966692,+0000.0574828171609492,+0000.0022834235423806
+0000.9442429143279250,+0000.0537862392247612,+0000.0019708464473128
+0000.9481656177472424,+0000.0500600802387518,+0000.0017743020140053
+0000.9519883378840902,+0000.0462750632040980,+0000.0017365989118110
+0000.9557016376636471,+0000.0425539787080719,+0000.0017443836282801
+0000.9593024698613419,+0000.0390456805771164,+0000.0016518495615410
+0000.9627903705300846,+0000.0357822573158976,+0000.0014273721540167
+0000.9661612899428589,+0000.0326630238444807,+0000.0011756862126596
+0000.9694051490040285,+0000.0295713949642048,+0000.0010234560317658
+0000.9725095603531362,+0000.0264973496247914,+0000.0009930900220713
+0000.9754660799554680,+0000.0235430559426560,+0000.0009908641018754
+0000.9782728416851227,+0000.0208166009397363,+0000.0009105573751402
+0000.9809309719254958,+0000.0183302264353877,+0000.0007388016391156
+0000.9834383099019748,+0000.0160038917043325,+0000.0005577983936920
+0000.9857866312380447,+0000.0137594425769994,+0000.0004539261849550
+0000.9879651352534925,+0000.0116014182503649,+0000.0004334464961417
+0000.9899667822059353,+0000.0096055073180245,+0000.0004277104760396
+0000.9917912426323181,+0000.0078378236867644,+0000.0003709336809164
+0000.9934415467946133,+0000.0062950762215240,+0000.0002633769838619
+0000.9949177323112879,+0000.0049227397054856,+0000.0001595279832255
+0000.9962137581728221,+0000.0036810156229224,+0000.0001052262042547
+0000.9973207424485016,+0000.0025837709864118,+0000.0000954865650860
+0000.9982333452344087,+0000.0016751039387839,+0000.0000915508268066
+0000.9989530083544538,+0000.0009793101812573,+0000.0000676814642881
