+0000.0000000000000000,+0000.9999999999999991,+0000.0000000000000000
+0000.0001000090836977,+0000.9998999908537864,+0000.0000000000625146
+0000.0003999953273420,+0000.9996000036724753,+0000.0000000010001816
+0000.0008998357254013,+0000.9991001592116114,+0000.0000000050629863
+0000.0015993253247001,+0000.9984006586756777,+0000.0000000159996210
+0000.0024981773084597,+0000.9975017836359781,+0000.0000000390555613
+0000.0035960231139079,+0000.9964038959157170,+0000.0000000809703740
+0000.0048924125834085,+0000.9951074374423328,+0000.0000001499742574
+0000.0063868141490485,+0000.9936129300671341,+0000.0000002557838164
+0000.0080786150506076,+0000.9919209753523182,+0000.0000004095970734
+0000.0099671215868217,+0000.9900322543254605,+0000.0000006240877170
+0000.0120515593998342,+0000.9879475272015715,+0000.0000009133985929
+0000.0143310737927233,+0000.9856676330728397,+0000.0000012931344361
+0000.0168047300799697,+0000.9831934895661766,+0000.0000017803538523
+0000.0194715139707258,+0000.9805260924687260,+0000.0000023935605471
+0000.0223303319847252,+0000.9776665153214630,+0000.0000031526938108
+0000.0253800119006651,+0000.9746159089810735,+0000.0000040791182603
+0000.0286193032368765,+0000.9713755011502787,+0000.0000051956128438
+0000.0320468777640846,+0000.9679465958768017,+0000.0000065263591127
+0000.0356613300500485,+0000.9643305730211851,+0000.0000080969287657
+0000.0394611780358609,+0000.9605288876936680,+0000.0000099342704703
+0000.0434448636436641,+0000.9565430696603671,+0000.0000120666959678
+0000.0476107534155433,+0000.9523747227189876,+0000.0000145238654682
+0000.0519571391833234,+0000.9480255240443366,+0000.0000173367723391
+0000.0564822387690049,+0000.9434972235038950,+0000.0000205377270990
+0000.0611841967155466,+0000.9387916429437346,+0000.0000241603407178
+0000.0660610850476937,+0000.9339106754450706,+0000.0000282395072347
+0000.0711109040625452,+0000.9288562845517540,+0000.0000328113856999
+0000.0763315831495318,+0000.9236305034690195,+0000.0000379133814475
+0000.0817209816394684,+0000.9182354342338217,+0000.0000435841267085
+0000.0872768896823366,+0000.9126732468570903,+0000.0000498634605718
+0000.0929970291534284,+0000.9069461784382684,+0000.0000567924083022
+0000.0988790545874991,+0000.9010565322524763,+0000.0000644131600236
+0000.1049205541405136,+0000.8950066768107076,+0000.0000727690487778
+0000.1111190505786264,+0000.8887990448934057,+0000.0000819045279670
+0000.1174720022939750,+0000.8824361325578325,+0000.0000918651481914
+0000.1239768043468509,+0000.8759204981196582,+0000.0001026975334897
+0000.1306307895338683,+0000.8692547611091350,+0000.0001144493569957
+0000.1374312294816366,+0000.8624416012023444,+0000.0001271693160182
+0000.1443753357655324,+0000.8554837571279086,+0000.0001409071065580
+0000.1514602610530898,+0000.8483840255496382,+0000.0001557133972710
+0000.1586831002715396,+0000.8411452599255699,+0000.0001716398028896
+0000.1660408917990440,+0000.8337703693438411,+0000.0001887388571140
+0000.1735306186790865,+0000.8262623173359286,+0000.0002070639849840
+0000.1811492098575903,+0000.8186241206676638,+0000.0002266694747450
+0000.1888935414421786,+0000.8108588481086014,+0000.0002476104492190
+0000.1967604379831421,+0000.8029696191801632,+0000.0002699428366938
+0000.2047466737755038,+0000.7949596028831534,+0000.0002937233413422
+0000.2128489741817340,+0000.7868320164050799,+0000.0003190094131853
+0000.2210640169744933,+0000.7785901238078938,+0000.0003458592176117
+0000.2293884336989101,+0000.7702372346966226,+0000.0003743316044663
+0000.2378188110538072,+0000.7617767028694696,+0000.0004044860767222
+0000.2463516922913162,+0000.7532119249499334,+0000.0004363827587497
+0000.2549835786343081,+0000.7445463390014964,+0000.0004700823641948
+0000.2637109307110566,+0000.7357834231254602,+0000.0005056461634826
+0000.2725301700065484,+0000.7269266940424910,+0000.0005431359509596
+0000.2814376803298349,+0000.7179797056584766,+0000.0005826140116878
+0000.2904298092968531,+0000.7089460476152394,+0000.0006241430879070
+0000.2995028698280591,+0000.6998293438267621,+0000.0006677863451781
+0000.3086531416603086,+0000.6906332510014668,+0000.0007136073382236
+0000.3178768728723375,+0000.6813614571511826,+0000.0007616699764792
+0000.3271702814232121,+0000.6720176800874157,+0000.0008120384893715
+0000.3365295567031567,+0000.6626056659055044,+0000.0008647773913382
+0000.3459508610960669,+0000.6531291874573278,+0000.0009199514466044
+0000.3554303315530999,+0000.6435920428131685,+0000.0009776256337308
+0000.3649640811767138,+0000.6339980537133350,+0000.0010378651099505
+0000.3745482008144639,+0000.6243510640102270,+0000.0011007351753081
+0000.3841787606619249,+0000.6146549381014556,+0000.0011663012366185
+0000.3938518118740994,+0000.6049135593546405,+0000.0012346287712594
+0000.4035633881846135,+0000.5951308285245708,+0000.0013057832908150
+0000.4133095075320535,+0000.5853106621633599,+0000.0013798303045858
+0000.4230861736927936,+0000.5754569910242247,+0000.0014568352829809
+0000.4328893779196292,+0000.5655737584595621,+0000.0015368636208080
+0000.4427151005855273,+0000.5556649188139928,+0000.0016199806004791
+0000.4525593128318551,+0000.5457344358129987,+0000.0017062513551456
+0000.4624179782203744,+0000.5357862809478446,+0000.0017957408317804
+0000.4722870543883617,+0000.5258244318574139,+0000.0018885137542237
+0000.4821624947061627,+0000.5158528707076291,+0000.0019846345862074
+0000.4920402499364392,+0000.5058755825691854,+0000.0020841674943746
+0000.5019162698945897,+0000.4958965537940977,+0000.0021871763113117
+0000.5117865051094354,+0000.4859197703919564,+0000.0022937244986078
+0000.5216469084836931,+0000.4759492164063475,+0000.0024038751099588
+0000.5314934369534763,+0000.4659888722921912,+0000.0025176907543318
+0000.5413220531460683,+0000.4560427132947247,+0000.0026352335592061
+0000.5511287270354560,+0000.4461147078306354,+0000.0027565651339079
+0000.5609094375947579,+0000.4362088158721881,+0000.0028817465330533
+0000.5706601744450368,+0000.4263289873348451,+0000.0030108382201174
+0000.5803769394997217,+0000.4164791604691327,+0000.0031439000311450
+0000.5900557486039434,+0000.4066632602574383,+0000.0032809911386178
+0000.5996926331682122,+0000.3968851968162906,+0000.0034221700154965
+0000.6092836417957144,+0000.3871488638048324,+0000.0035674943994527
+0000.6188248419024900,+0000.3774581368402058,+0000.0037170212573038
+0000.6283123213299837,+0000.3678168719203425,+0000.0038708067496731
+0000.6377421899491394,+0000.3582289038549769,+0000.0040289061958831
+0000.6471105812555189,+0000.3486980447053764,+0000.0041913740391043
+0000.6564136539547216,+0000.3392280822335065,+0000.0043582638117712
+0000.6656475935374152,+0000.3298227783613026,+0000.0045296281012814
+0000.6748086138434549,+0000.3204858676405490,+0000.0047055185159954
+0000.6838929586143292,+0000.3112210557341209,+0000.0048859856515490
+0000.6928969030333511,+0000.3020320179091522,+0000.0050710790574962
+0000.7018167552529637,+0000.2929223975427394,+0000.0052608472042961
+0000.7106488579085359,+0000.2838958046408039,+0000.0054553374506596
+0000.7193895896179769,+0000.2749558143707532,+0000.0056545960112692
+0000.7280353664666482,+0000.2661059656084626,+0000.0058586679248884
+0000.7365826434768585,+0000.2573497595002677,+0000.0060675970228732
+0000.7450279160614366,+0000.2486906580404616,+0000.0062814258981014
+0000.7533677214607117,+0000.2401320826649544,+0000.0065001958743333
+0000.7615986401623442,+0000.2316774128616377,+0000.0067239469760176
+0000.7697172973034327,+0000.2233299847980114,+0000.0069527178985556
+0000.7777203640543096,+0000.2150930899666499,+0000.0071865459790399
+0000.7856045589834556,+0000.2069699738490671,+0000.0074254671674771
+0000.7933666494029528,+0000.1989638345985358,+0000.0076695159985108
+0000.8010034526940117,+0000.1910778217423308,+0000.0079187255636569
+0000.8085118376119044,+0000.1833150349040316,+0000.0081731274840635
+0000.8158887255698497,+0000.1756785225463414,+0000.0084327518838083
+0000.8231310919013275,+0000.1681712807349251,+0000.0086976273637471
+0000.8302359671002413,+0000.1607962519238361,+0000.0089677809759222
+0000.8372004380385013,+0000.1535563237629501,+0000.0092432381985478
+0000.8440216491604620,+0000.1464543279279585,+0000.0095240229115789
+0000.8506968036537502,+0000.1394930389733713,+0000.0098101573728778
+0000.8572231645960324,+0000.1326751732089764,+0000.0101016621949907
+0000.8635980560771755,+0000.1260033876002833,+0000.0103985563225408
+0000.8698188642964451,+0000.1194802786932998,+0000.0107008570102549
+0000.8758830386341889,+0000.1131083815641820,+0000.0110085798016285
+0000.8817880926976243,+0000.1068901687941337,+0000.0113217385082415
+0000.8875316053403119,+0000.1008280494699500,+0000.0116403451897375
+0000.8931112216548297,+0000.0949243682107002,+0000.0119644101344699
+0000.8985246539383197,+0000.0891814042208494,+0000.0122939418408304
+0000.9037696826304816,+0000.0836013703702506,+0000.0126289469992672
+0000.9088441572235745,+0000.0781864123014268,+0000.0129694304749981
+0000.9137459971441617,+0000.0729386075644043,+0000.0133153952914335
+0000.9184731926061434,+0000.0678599647795434,+0000.0136668426143127
+0000.9230238054347796,+0000.0629524228286564,+0000.0140237717365636
+0000.9273959698613112,+0000.0582178500747971,+0000.0143861800638914
+0000.9315878932879469,+0000.0536580436109446,+0000.0147540631011081
+0000.9355978570228112,+0000.0492747285379823,+0000.0151274144392060
+0000.9394242169845739,+0000.0450695572722443,+0000.0155062257431813
+0000.9430654043765241,+0000.0410441088828552,+0000.0158904867406203
+0000.9465199263297323,+0000.0371998884592217,+0000.0162801852110456
+0000.9497863665151074,+0000.0335383265088560,+0000.0166753069760364
+0000.9528633857240509,+0000.0300607783858240,+0000.0170758358901247
+0000.9557497224174949,+0000.0267685237500346,+0000.0174817538324700
+0000.9584441932430932,+0000.0236627660575810,+0000.0178930406993255
+0000.9609456935203352,+0000.0207446320823746,+0000.0183096743972897
+0000.9632531976934194,+0000.0180151714692224,+0000.0187316308373576
+0000.9653657597516757,+0000.0154753563185533,+0000.0191588839297704
+0000.9672825136173570,+0000.0131260808029767,+0000.0195914055796658
+0000.9690026735006749,+0000.0109681608157859,+0000.0200291656835387
+0000.9705255342218929,+0000.0090023336515997,+0000.0204721321265071
+0000.9718504715003786,+0000.0072292577192281,+0000.0209202707803928
+0000.9729769422104775,+0000.0056495122869062,+0000.0213735455026159
+0000.9739044846041074,+0000.0042635972599873,+0000.0218319181359048
+0000.9746327184999899,+0000.0030719329911839,+0000.0222953485088258
+0000.9751613454394252,+0000.0020748601234444,+0000.0227637944371298
+0000.9754901488085655,+0000.0012726394655132,+0000.0232372117259207
+0000.9756189939271243,+0000.0006654519002297,+0000.0237155541726455
+0000.9755478281034869,+0000.0002533983256072,+0000.0241987735709054
+0000.9752766806562038,+0000.0000364996287083,+0000.0246868197150872
+0000.9748056629018562,+0000.0000146966923283,+0000.0251796404058154
+0000.9741349681092932,+0000.0001878504344793,+0000.0256771814562271
+0000.9732648714202738,+0000.0005557418806620,+0000.0261793866990637
+0000.9721957297365288,+0000.0011180722688896,+0000.0266861979945811
+0000.9709279815732951,+0000.0018744631874248,+0000.0271975552392797
+0000.9694621468793978,+0000.0028244567451614,+0000.0277133963754402
+0000.9677988268239279,+0000.0039675157745915,+0000.0282336574014799
+0000.9659387035496201,+0000.0053030240672658,+0000.0287582723831136
+0000.9638825398930291,+0000.0068302866416489,+0000.0292871734653214
+0000.9616311790716126,+0000.0085485300432662,+0000.0298202908851210
+0000.9591855443378619,+0000.0104569026770020,+0000.0303575529851357
+0000.9565466386006163,+0000.0125544751714244,+0000.0308988862279590
+0000.9537155440136981,+0000.0148402407749899,+0000.0314442152113114
+0000.9506934215320740,+0000.0173131157839441,+0000.0319934626839813
+0000.9474815104356982,+0000.0199719400017556,+0000.0325465495625457
+0000.9440811278212180,+0000.0228154772299086,+0000.0331033949488729
+0000.9404936680618196,+0000.0258424157897959,+0000.0336639161483840
+0000.9367206022353389,+0000.0290513690755717,+0000.0342280286890888
+0000.9327634775209452,+0000.0324408761376797,+0000.0347956463413745
+0000.9286239165646202,+0000.0360094022968337,+0000.0353666811385455
+0000.9243036168136647,+0000.0397553397882228,+0000.0359410433981122
+0000.9198043498205916,+0000.0436770084356014,+0000.0365186417438066
+0000.9151279605165761,+0000.0477726563550851,+0000.0370993831283382
+0000.9102763664548467,+0000.0520404606882874,+0000.0376831728568655
+0000.9052515570242941,+0000.0564785283645236,+0000.0382699146111817
+0000.9000555926336116,+0000.0610848968917784,+0000.0388595104746095
+0000.8946906038663436,+0000.0658575351760718,+0000.0394518609575841
+0000.8891587906071451,+0000.0707943443689237,+0000.0400468650239307
+0000.8834624211396054,+0000.0758931587425758,+0000.0406444201178182
+0000.8776038312160642,+0000.0811517465925556,+0000.0412444221913796
+0000.8715854230997289,+0000.0865678111672770,+0000.0418467657329934
+0000.8654096645795443,+0000.0921389916242435,+0000.0424513437962117
+0000.8590790879581952,+0000.0978628640124783,+0000.0430580480293256
+0000.8525962890136392,+0000.1037369422807997,+0000.0436667687055606
+0000.8459639259346277,+0000.1097586793114856,+0000.0442773947538860
+0000.8391847182306219,+0000.1159254679789446,+0000.0448898137904327
+0000.8322614456165836,+0000.1222346422329147,+0000.0455039121505010
+0000.8251969468730841,+0000.1286834782057640,+0000.0461195749211511
+0000.8179941186821705,+0000.1352691953434617,+0000.0467366859743668
+0000.8106559144395107,+0000.1419889575597144,+0000.0473551280007741
+0000.8031853430432788,+0000.1488398744128133,+0000.0479747825439072
+0000.7955854676602913,+0000.1558190023047032,+0000.0485955300350049
+0000.7878594044698652,+0000.1629233457018023,+0000.0492172498283318
+0000.7800103213859935,+0000.1701498583770064,+0000.0498398202369996
+0000.7720414367582552,+0000.1774954446724565,+0000.0504631185692877
+0000.7639560180520749,+0000.1849569607824816,+0000.0510870211654427
+0000.7557573805088446,+0000.1925312160562140,+0000.0517114034349412
+0000.7474488857864259,+0000.2002149743193632,+0000.0523361398942104
+0000.7390339405806846,+0000.2080049552145338,+0000.0529611042047809
+0000.7305159952285039,+0000.2158978355596276,+0000.0535861692118678
+0000.7218985422929045,+0000.2238902507237326,+0000.0542112069833623
+0000.7131851151309087,+0000.2319787960198780,+0000.0548360888492126
+0000.7043792864446246,+0000.2401600281141852,+0000.0554606854411896
+0000.6954846668161913,+0000.2484304664507890,+0000.0560848667330191
+0000.6865049032272893,+0000.2567865946918540,+0000.0567085020808558
+0000.6774436775635723,+0000.2652248621723235,+0000.0573314602641034
+0000.6683047051049431,+0000.2737416853685131,+0000.0579536095265433
+0000.6590917330020475,+0000.2823334493801790,+0000.0585748176177727
+0000.6498085387397093,+0000.2909965094253584,+0000.0591949518349316
+0000.6404589285879831,+0000.2997271923473205,+0000.0598138790646956
+0000.6310467360413543,+0000.3085217981331141,+0000.0604314658255306
+0000.6215758202467739,+0000.3173766014430380,+0000.0610475783101873
+0000.6120500644212318,+0000.3262878531503531,+0000.0616620824284143
+0000.6024733742594389,+0000.3352517818906778,+0000.0622748438498825
+0000.5928496763322250,+0000.3442645956204702,+0000.0628857280473040
+0000.5831829164765161,+0000.3533224831837667,+0000.0634946003397162
+0000.5734770581772793,+0000.3624216158867851,+0000.0641013259359346
+0000.5637360809423430,+0000.3715581490795185,+0000.0647057699781378
+0000.5539639786705742,+0000.3807282237438420,+0000.0653077975855833
+0000.5441647580141933,+0000.3899279680873756,+0000.0659072738984302
+0000.5343424367358639,+0000.3991534991424853,+0000.0665040641216498
+0000.5245010420611924,+0000.4084009243697907,+0000.0670980335690161
+0000.5146446090274215,+0000.4176663432654305,+0000.0676890477071471
+0000.5047771788288626,+0000.4269458489715451,+0000.0682769721995915
+0000.4949027971598052,+0000.4362355298892546,+0000.0688616729509392
+0000.4850255125556550,+0000.4455314712934119,+0000.0694430161509322
+0000.4751493747328051,+0000.4548297569486198,+0000.0700208683185742
+0000.4652784329281319,+0000.4641264707256639,+0000.0705950963462034
+0000.4554167342386134,+0000.4734176982178575,+0000.0711655675435281
+0000.4455683219618651,+0000.4826995283565380,+0000.0717321496815963
+0000.4357372339382338,+0000.4919680550250760,+0000.0722947110366894
+0000.4259275008951026,+0000.5012193786707760,+0000.0728531204341203
+0000.4161431447941747,+0000.5104496079139087,+0000.0734072472919157
+0000.4063881771823218,+0000.5196548611533039,+0000.0739569616643733
+0000.3966665975466791,+0000.5288312681678484,+0000.0745021342854716
+0000.3869823916747234,+0000.5379749717131589,+0000.0750426366121167
+0000.3773395300199726,+0000.5470821291128172,+0000.0755783408672093
+0000.3677419660739820,+0000.5561489138435038,+0000.0761091200825131
+0000.3581936347452669,+0000.5651715171134177,+0000.0766348481413147
+0000.3486984507458738,+0000.5741461494332744,+0000.0771553998208509
+0000.3392603069862463,+0000.5830690421792637,+0000.0776706508344892
+0000.3298830729789645,+0000.5919364491473825,+0000.0781804778736520
+0000.3205705932522178,+0000.6007446480983304,+0000.0786847586494511
+0000.3113266857733907,+0000.6094899422925705,+0000.0791833719340377
+0000.3021551403836130,+0000.6181686620147495,+0000.0796761976016365
+0000.2930597172438426,+0000.6267771660869035,+0000.0801631166692530
+0000.2840441452930607,+0000.6353118433698957,+0000.0806440113370428
+0000.2751121207193875,+0000.6437691142522985,+0000.0811187650283129
+0000.2662673054445721,+0000.6521454321262694,+0000.0815872624291574
+0000.2575133256224504,+0000.6604372848498469,+0000.0820493895277018
+0000.2488537701522099,+0000.6686411961948464,+0000.0825050336529425
+0000.2402921892069100,+0000.6767537272799282,+0000.0829540835131607
+0000.2318320927777726,+0000.6847714779883127,+0000.0833964292339137
+0000.2234769492351140,+0000.6926910883693225,+0000.0838319623955627
+0000.2152301839061882,+0000.7005092400234614,+0000.0842605760703492
+0000.2070951776708272,+0000.7082226574701909,+0000.0846821648589808
+0000.1990752655752435,+0000.7158281094980240,+0000.0850966249267315
+0000.1911737354645733,+0000.7233224104963910,+0000.0855038540390346
+0000.1833938266348827,+0000.7307024217685654,+0000.0859037515965510
+0000.1757387285050357,+0000.7379650528252588,+0000.0862962186697043
+0000.1682115793089767,+0000.7451072626583504,+0000.0866811580326720
+0000.1608154648091116,+0000.7521260609940821,+0000.0870584741968054
+0000.1535534170311003,+0000.7590185095254137,+0000.0874280734434848
+0000.1464284130207406,+0000.7657817231228761,+0000.0877898638563823
+0000.1394433736233989,+0000.7724128710234752,+0000.0881437553531249
+0000.1326011622864403,+0000.7789091779972093,+0000.0884896597163495
+0000.1259045838852944,+0000.7852679254905803,+0000.0888274906241242
+0000.1193563835734450,+0000.7914864527468107,+0000.0891571636797431
+0000.1129592456569588,+0000.7975621579021728,+0000.0894785964408670
+0000.1067157924939590,+0000.8034924990580337,+0000.0897917084480064
+0000.1006285834195028,+0000.8092749953281602,+0000.0900964212523361
+0000.0947001136963042,+0000.8149072278608724,+0000.0903926584428223
+0000.0889328134917322,+0000.8203868408356033,+0000.0906803456726634
+0000.0833290468815039,+0000.8257115424334691,+0000.0909594106850260
+0000.0778911108804889,+0000.8308791057814426,+0000.0912297833380675
+0000.0726212345009759,+0000.8358873698697824,+0000.0914913956292405
+0000.0675215778389027,+0000.8407342404422391,+0000.0917441817188573
+0000.0625942311882712,+0000.8454176908588062,+0000.0919880779529214
+0000.0578412141842250,+0000.8499357629305695,+0000.0922230228852047
+0000.0532644749751018,+0000.8542865677263306,+0000.0924489572985663
+0000.0488658894237690,+0000.8584682863507223,+0000.0926658242255075
+0000.0446472603386666,+0000.8624791706933874,+0000.0928735689679449
+0000.0406103167347427,+0000.8663175441490488,+0000.0930721391162075
+0000.0367567131246828,+0000.8699818023080762,+0000.0932614845672398
+0000.0330880288406895,+0000.8734704136173014,+0000.0934415575420081
+0000.0296057673870610,+0000.8767819200108327,+0000.0936123126021053
+0000.0263113558239448,+0000.8799149375105182,+0000.0937737066655360
+0000.0232061441823149,+0000.8828681567959847,+0000.0939256990216993
+0000.0202914049106590,+0000.8856403437438061,+0000.0940682513455337
+0000.0175683323534060,+0000.8882303399357504,+0000.0942013277108428
+0000.0150380422613876,+0000.8906370631358242,+0000.0943248946027870
+0000.0127015713345804,+0000.8928595077358903,+0000.0944389209295284
+0000.0105598767971886,+0000.8948967451697635,+0000.0945433780330469
+0000.0086138360053733,+0000.8967479242955319,+0000.0946382396990940
+0000.0068642460877128,+0000.8984122717459813,+0000.0947234821663047
+0000.0053118236185506,+0000.8998890922469940,+0000.0947990841344543
+0000.0039572043244123,+0000.9011777689037377,+0000.0948650267718491
+0000.0028009428235195,+0000.9022777634546105,+0000.0949212937218691
+0000.0018435123986152,+0000.9031886164927498,+0000.0949678711086342
+0000.0010853048031155,+0000.9039099476550696,+0000.0950047475418140
+0000.0005266301006862,+0000.9044414557787466,+0000.0950319141205662
+0000.0001677165383428,+0000.9047829190250531,+0000.0950493644366028
+0000.0000087104530723,+0000.9049341949705316,+0000.0950570945763950
+0000.0000496762120623,+0000.9048952206654401,+0000.0950551031224966
+0000.0002905961865305,+0000.9046660126594662,+0000.0950433911540021
+0000.0007313707591838,+0000.9042466669946826,+0000.0950219622461326
+0000.0013718183652879,+0000.9036373591657666,+0000.0949908224689445
+0000.0022116755673547,+0000.9028383440474678,+0000.0949499803851764
+0000.0032505971633775,+0000.9018499557894069,+0000.0948994470472146
+0000.0044881563286231,+0000.9006726076781754,+0000.0948392359932003
+0000.0059238447908723,+0000.8993067919668652,+0000.0947693632422612
+0000.0075570730390488,+0000.8977530796720710,+0000.0946898472888791
+0000.0093871705652023,+0000.8960121203383981,+0000.0946007090963986
+0000.0114133861396386,+0000.8940846417706931,+0000.0945019720896671
+0000.0136348881192191,+0000.8919714497339551,+0000.0943936621468246
+0000.0160507647885864,+0000.8896734276211795,+0000.0942758075902331
+0000.0186600247342120,+0000.8871915360892320,+0000.0941484391765552
+0000.0214615972511948,+0000.8845268126628137,+0000.0940115900859902
+0000.0244543327824651,+0000.8816803713068744,+0000.0938652959106597
+0000.0276370033904321,+0000.8786534019674057,+0000.0937095946421613
+0000.0310083032606956,+0000.8754471700810187,+0000.0935445266582847
+0000.0345668492376802,+0000.8720630160534195,+0000.0933701347088994
+0000.0383111813920790,+0000.8685023547068975,+0000.0931864639010226
+0000.0422397636196312,+0000.8647666746973024,+0000.0929935616830655
+0000.0463509842712887,+0000.8608575379004373,+0000.0927914778282732
+0000.0506431568142243,+0000.8567765787684178,+0000.0925802644173568
+0000.0551145205236275,+0000.8525255036560422,+0000.0923599758203292
+0000.0597632412049018,+0000.8481060901175447,+0000.0921306686775524
+0000.0645874119459199,+0000.8435201861740802,+0000.0918924018799988
+0000.0695850538992586,+0000.8387697095520033,+0000.0916452365487372
+0000.0747541170937308,+0000.8338566468926137,+0000.0913892360136546
+0000.0800924812752039,+0000.8287830529333782,+0000.0911244657914170
+0000.0855979567762337,+0000.8235510496610847,+0000.0908509935626807
+0000.0912682854140450,+0000.8181628254373923,+0000.0905688891485617
+0000.0971011414168021,+0000.8126206340968232,+0000.0902782244863739
+0000.1030941323773504,+0000.8069267940180043,+0000.0899790736046445
+0000.1092448002345173,+0000.8010836871680656,+0000.0896715125974161
+0000.1155506222811723,+0000.7950937581209792,+0000.0893556195978474
+0000.1220090121987844,+0000.7889595130500939,+0000.0890314747511207
+0000.1286173211182385,+0000.7826835186950933,+0000.0886991601866675
+0000.1353728387060301,+0000.7762684013042442,+0000.0883587599897245
+0000.1422727942759308,+0000.7697168455518393,+0000.0880103601722290
+0000.1493143579252175,+0000.7630315934317158,+0000.0876540486430658
+0000.1564946416951732,+0000.7562154431271468,+0000.0872899151776792
+0000.1638107007555868,+0000.7492712478573545,+0000.0869180513870577
+0000.1712595346122743,+0000.7422019147016159,+0000.0865385506861091
+0000.1788380883377188,+0000.7350104034008480,+0000.0861515082614325
+0000.1865432538238303,+0000.7276997251376638,+0000.0857570210385047
+0000.1943718710564986,+0000.7202729412952081,+0000.0853551876482926
+0000.2023207294116439,+0000.7127331621950552,+0000.0849461083932998
+0000.2103865689716917,+0000.7050835458152365,+0000.0845298852130710
+0000.2185660818625831,+0000.6973272964882606,+0000.0841066216491553
+0000.2268559136102275,+0000.6894676635802190,+0000.0836764228095526
+0000.2352526645160537,+0000.6815079401512939,+0000.0832393953326517
+0000.2437528910513324,+0000.6734514615979943,+0000.0827956473506724
+0000.2523531072691196,+0000.6653016042782454,+0000.0823452884526344
+0000.2610497862339512,+0000.6570617841191947,+0000.0818884296468535
+0000.2698393614680454,+0000.6487354552089557,+0000.0814251833229983
+0000.2787182284138330,+0000.6403261083724643,+0000.0809556632137016
+0000.2876827459122199,+0000.6318372697320227,+0000.0804799843557566
+0000.2967292376955594,+0000.6232724992535296,+0000.0799982630509099
+0000.3058539938953222,+0000.6146353892784140,+0000.0795106168262631
+0000.3150532725633457,+0000.6059295630423579,+0000.0790171643942956
+0000.3243233012062896,+0000.5971586731811729,+0000.0785180256125368
+0000.3336602783326786,+0000.5883264002244322,+0000.0780133214428885
+0000.3430603750116238,+0000.5794364510777487,+0000.0775031739106267
+0000.3525197364431142,+0000.5704925574938015,+0000.0769877060630834
+0000.3620344835385857,+0000.5614984745333709,+0000.0764670419280426
+0000.3716007145116395,+0000.5524579790165087,+0000.0759413064718510
+0000.3812145064780637,+0000.5433748679646684,+0000.0754106255572674
+0000.3908719170643016,+0000.5342529570346281,+0000.0748751259010695
+0000.4005689860242387,+0000.5250960789443371,+0000.0743349350314235
+0000.4103017368629792,+0000.5159080818919719,+0000.0737901812450481
+0000.4200661784674802,+0000.5066928279683418,+0000.0732409935641773
+0000.4298583067431756,+0000.4974541915634808,+0000.0726875016933427
+0000.4396741062557158,+0000.4881960577682857,+0000.0721298359759980
+0000.4495095518776853,+0000.4789223207713258,+0000.0715681273509882
+0000.4593606104389578,+0000.4696368822521429,+0000.0710025073088985
+0000.4692232423805410,+0000.4603436497711741,+0000.0704331078482841
+0000.4790934034110385,+0000.4510465351571552,+0000.0698600614318056
+0000.4889670461648415,+0000.4417494528928683,+0000.0692835009422895
+0000.4988401218619156,+0000.4324563184993642,+0000.0687035596387195
+0000.5087085819678229,+0000.4231710469199861,+0000.0681203711121903
+0000.5185683798538527,+0000.4138975509043177,+0000.0675340692418292
+0000.5284154724562862,+0000.4046397393930055,+0000.0669447881507078
+0000.5382458219342062,+0000.3954015159040334,+0000.0663526621617598
+0000.5480553973251570,+0000.3861867769211170,+0000.0657578257537254
+0000.5578401761979825,+0000.3769994102848895,+0000.0651604135171272
+0000.5675961463021576,+0000.3678432935875294,+0000.0645605601103124
+0000.5773193072129382,+0000.3587222925714977,+0000.0639584002155635
+0000.5870056719716457,+0000.3496402595330514,+0000.0633540684953025
+0000.5966512687204869,+0000.3406010317311134,+0000.0627476995483990
+0000.6062521423310485,+0000.3316084298023430,+0000.0621394278666081
+0000.6158043560260518,+0000.3226662561828032,+0000.0615293877911445
+0000.6253039929935165,+0000.3137782935370670,+0000.0609177134694161
+0000.6347471579927424,+0000.3049483031953256,+0000.0603045388119314
+0000.6441299789514375,+0000.2961800235991607,+0000.0596899974494012
+0000.6534486085533479,+0000.2874771687566127,+0000.0590742226900387
+0000.6626992258157220,+0000.2788434267071856,+0000.0584573474770916
+0000.6718780376559768,+0000.2702824579974123,+0000.0578395043466103
+0000.6809812804469026,+0000.2617978941676256,+0000.0572208253854711
+0000.6900052215598481,+0000.2533933362504803,+0000.0566014421896711
+0000.6989461608950623,+0000.2450723532820242,+0000.0559814858229128
+0000.7078004323988197,+0000.2368384808256907,+0000.0553610867754889
+0000.7165644055665149,+0000.2286952195099977,+0000.0547403749234869
+0000.7252344869311750,+0000.2206460335804956,+0000.0541194794883290
+0000.7338071215368407,+0000.2126943494665006,+0000.0534985289966583
+0000.7422787943960306,+0000.2048435543633744,+0000.0528776512405944
+0000.7506460319309304,+0000.1970969948307052,+0000.0522569732383639
+0000.7589054033975353,+0000.1894579754071360,+0000.0516366211953282
+0000.7670535222922381,+0000.1819297572423425,+0000.0510167204654189
+0000.7750870477402583,+0000.1745155567467429,+0000.0503973955129982
+0000.7830026858654109,+0000.1672185442594341,+0000.0497787698751543
+0000.7907971911404901,+0000.1600418427350563,+0000.0491609661244530
+0000.7984673677179406,+0000.1529885264499085,+0000.0485441058321503
+0000.8060100707400457,+0000.1460616197280615,+0000.0479283095318924
+0000.8134222076283107,+0000.1392640956877925,+0000.0473136966838962
+0000.8207007393513470,+0000.1325988750090052,+0000.0467003856396473
+0000.8278426816707456,+0000.1260688247221395,+0000.0460884936071144
+0000.8348451063645714,+0000.1196767570189340,+0000.0454781366164943
+0000.8417051424278293,+0000.1134254280856673,+0000.0448694294865028
+0000.8484199772494782,+0000.1073175369592978,+0000.0442624857912238
+0000.8549868577654816,+0000.1013557244069905,+0000.0436574178275274
+0000.8614030915874870,+0000.0955425718294440,+0000.0430543365830682
+0000.8676660481065283,+0000.0898806001885907,+0000.0424533517048804
+0000.8737731595714805,+0000.0843722689599454,+0000.0418545714685737
+0000.8797219221416918,+0000.0790199751101603,+0000.0412581027481474
+0000.8855098969134079,+0000.0738260521001610,+0000.0406640509864309
+0000.8911347109195979,+0000.0687927689142414,+0000.0400725201661601
+0000.8965940581026710,+0000.0639223291156239,+0000.0394836127817048
+0000.9018857002598197,+0000.0592168699287286,+0000.0388974298114514
+0000.9070074679605136,+0000.0546784613486331,+0000.0383140706908530
+0000.9119572614357541,+0000.0503091052780818,+0000.0377336332861639
+0000.9167330514388321,+0000.0461107346923200,+0000.0371562138688475
+0000.9213328800771208,+0000.0420852128321868,+0000.0365819070906921
+0000.9257548616145793,+0000.0382343324257934,+0000.0360108059596268
+0000.9299971832447240,+0000.0345598149390256,+0000.0354430018162498
+0000.9340581058336584,+0000.0310633098552636,+0000.0348785843110778
+0000.9379359646328906,+0000.0277463939845836,+0000.0343176413825255
+0000.9416291699616752,+0000.0246105708027048,+0000.0337602592356195
+0000.9451362078585177,+0000.0216572698200231,+0000.0332065223214585
+0000.9484556407016793,+0000.0188878459808990,+0000.0326565133174214
+0000.9515861077983481,+0000.0163035790935171,+0000.0321103131081342
+0000.9545263259422764,+0000.0139056732905254,+0000.0315680007671980
+0000.9572750899396261,+0000.0116952565206801,+0000.0310296535396933
+0000.9598312731028464,+0000.0096733800717065,+0000.0304953468254467
+0000.9621938277123359,+0000.0078410181245732,+0000.0299651541630904
+0000.9643617854457356,+0000.0061990673393636,+0000.0294391472149004
+0000.9663342577746545,+0000.0047483464729180,+0000.0289173957524270
+0000.9681104363286894,+0000.0034895960283922,+0000.0283999676429180
+0000.9696895932265490,+0000.0024234779369081,+0000.0278869288365428
+0000.9710710813741955,+0000.0015505752713881,+0000.0273783433544159
+0000.9722543347298497,+0000.0008713919927215,+0000.0268742732774282
+0000.9732388685357560,+0000.0003863527283584,+0000.0263747787358852
+0000.9740242795166226,+0000.0000958025834199,+0000.0258799178999569
+0000.9746102460446425,+0000.0000000069844147,+0000.0253897469709422
+0000.9749965282710397,+0000.0000991515556124,+0000.0249043201733476
+0000.9751829682240770,+0000.0003933420281384,+0000.0244236897477841
+0000.9751694898734962,+0000.0008826041818212,+0000.0239479059446820
+0000.9749560991613466,+0000.0015668838198265,+0000.0234770170188264
+0000.9745428839992180,+0000.0024460467760691,+0000.0230110692247126
+0000.9739300142318382,+0000.0035198789554396,+0000.0225501068127217
+0000.9731177415671008,+0000.0047880864067810,+0000.0220941720261180
+0000.9721063994725054,+0000.0062502954286279,+0000.0216433050988661
+0000.9708964030380740,+0000.0079060527076575,+0000.0211975442542681
+0000.9694882488058244,+0000.0097548254897559,+0000.0207569257044194
+0000.9678825145657930,+0000.0117960017837259,+0000.0203214836504805
+0000.9660798591188076,+0000.0140288905974200,+0000.0198912502837719
+0000.9640810220059893,+0000.0164527222063417,+0000.0194662557876682
+0000.9618868232051619,+0000.0190666484545190,+0000.0190465283403188
+0000.9594981627943198,+0000.0218697430875113,+0000.0186320941181684
+0000.9569160205821715,+0000.0248610021175409,+0000.0182229773002870
+0000.9541414557060734,+0000.0280393442204273,+0000.0178192000734991
+0000.9511756061973996,+0000.0314036111642811,+0000.0174207826383188
+0000.9480196885145269,+0000.0349525682698041,+0000.0170277432156684
+0000.9446749970437660,+0000.0386849049018368,+0000.0166400980543967
+0000.9411429035682012,+0000.0425992349922169,+0000.0162578614395812
+0000.9374248567049280,+0000.0466940975934625,+0000.0158810457016089
+0000.9335223813107075,+0000.0509679574632577,+0000.0155096612260344
+0000.9294370778563577,+0000.0554192056794330,+0000.0151437164642089
+0000.9251706217702362,+0000.0600461602850926,+0000.0147832179446704
+0000.9207247627508260,+0000.0648470669638770,+0000.0144281702852964
+0000.9161013240490665,+0000.0698200997447303,+0000.0140785762062028
+0000.9113022017203334,+0000.0749633617362737,+0000.0137344365433923
+0000.9063293638466990,+0000.0802748858901626,+0000.0133957502631377
+0000.9011848497296689,+0000.0857526357932360,+0000.0130625144770945
+0000.8958707690535663,+0000.0913945064882934,+0000.0127347244581396
+0000.8903893010202903,+0000.0971983253227901,+0000.0124123736569192
+0000.8847426934553362,+0000.1031618528255553,+0000.0120954537191081
+0000.8789332618858385,+0000.1092827836107976,+0000.0117839545033635
+0000.8729633885908654,+0000.1155587473091687,+0000.0114778640999654
+0000.8668355216241678,+0000.1219873095256886,+0000.0111771688501433
+0000.8605521738102264,+0000.1285659728237085,+0000.0108818533660643
+0000.8541159217134796,+0000.1352921777350300,+0000.0105919005514898
+0000.8475294045815909,+0000.1421633037953315,+0000.0103072916230770
+0000.8407953232630330,+0000.1491766706046453,+0000.0100280061323210
+0000.8339164390992155,+0000.1563295389126520,+0000.0097540219881319
+0000.8268955727921092,+0000.1636191117278679,+0000.0094853154800225
+0000.8197356032472357,+0000.1710425354508510,+0000.0092218613019127
+0000.8124394663930070,+0000.1785969010304677,+0000.0089636325765247
+0000.8050101539766286,+0000.1862792451430060,+0000.0087106008803650
+0000.7974507123370564,+0000.1940865513936633,+0000.0084627362692797
+0000.7897642411557187,+0000.2020157515397005,+0000.0082200073045801
+0000.7819538921851783,+0000.2100637267351224,+0000.0079823810796985
+0000.7740228679565292,+0000.2182273087960711,+0000.0077498232473991
+0000.7659744204661553,+0000.2265032814863381,+0000.0075222980475061
+0000.7578118498419041,+0000.2348883818229438,+0000.0072997683351516
+0000.7495385029896858,+0000.2433793014008122,+0000.0070821956095015
+0000.7411577722210454,+0000.2519726877359570,+0000.0068695400429969
+0000.7326730938617418,+0000.2606651456272201,+0000.0066617605110374
+0000.7240879468426904,+0000.2694532385351540,+0000.0064588146221547
+0000.7154058512731671,+0000.2783334899782359,+0000.0062606587485963
+0000.7066303669972421,+0000.2873023849453836,+0000.0060672480573734
+0000.6977650921340113,+0000.2963563713242877,+0000.0058785365417004
+0000.6888136616018863,+0000.3054918613452582,+0000.0056944770528546
+0000.6797797456280371,+0000.3147052330395481,+0000.0055150213324141
+0000.6706670482433628,+0000.3239928317117672,+0000.0053401200448692
+0000.6614793057633207,+0000.3333509714260769,+0000.0051697228106015
+0000.6522202852560470,+0000.3427759365047512,+0000.0050037782392012
+0000.6428937829971961,+0000.3522639830396926,+0000.0048422339631105
+0000.6335036229134923,+0000.3618113404149231,+0000.0046850366715839
+0000.6240536550144185,+0000.3714142128406264,+0000.0045321321449544
+0000.6145477538135143,+0000.3810687808973122,+0000.0043834652891727
+0000.6049898167396340,+0000.3907712030897489,+0000.0042389801706162
+0000.5953837625385419,+0000.4005176174102969,+0000.0040986200511606
+0000.5857335296661847,+0000.4103041429103428,+0000.0039623274234715
+0000.5760430746734801,+0000.4201268812799846,+0000.0038300440465346
+0000.5663163705839626,+0000.4299819184346566,+0000.0037017109813801
+0000.5565574052646904,+0000.4398653261083135,+0000.0035772686269953
+0000.5467701797907902,+0000.4497731634527853,+0000.0034566567564235
+0000.5369587068050131,+0000.4597014786419833,+0000.0033398145530026
+0000.5271270088721376,+0000.4696463104810996,+0000.0032266806467621
+0000.5172791168295885,+0000.4796036900194760,+0000.0031171931509346
+0000.5074190681346771,+0000.4895696421667470,+0000.0030112896985752
+0000.4975509052088464,+0000.4995401873118652,+0000.0029089074792872
+0000.4876786737803195,+0000.5095113429436743,+0000.0028099832760054
+0000.4778064212249689,+0000.5194791252731723,+0000.0027144535018581
+0000.4679381949068059,+0000.5294395508561313,+0000.0026222542370621
+0000.4580780405184825,+0000.5393886382156723,+0000.0025333212658443
+0000.4482300004222006,+0000.5493224094644096,+0000.0024475901133889
+0000.4383981119924228,+0000.5592368919248171,+0000.0023649960827593
+0000.4285864059602109,+0000.5691281197479678,+0000.0022854742918205
+0000.4187989047605788,+0000.5789921355293104,+0000.0022089597101099
+0000.4090396208832556,+0000.5888249919210878,+0000.0021353871956555
+0000.3993125552272540,+0000.5986227532410066,+0000.0020646915317384
+0000.3896216954606188,+0000.6083814970758321,+0000.0019968074635484
+0000.3799710143851648,+0000.6180973158800760,+0000.0019316697347582
+0000.3703644683077568,+0000.6277663185682661,+0000.0018692131239759
+0000.3608059954179333,+0000.6373846321010297,+0000.0018093724810360
+0000.3512995141733845,+0000.6469484030634143,+0000.0017520827632004
+0000.3418489216931180,+0000.6564537992357620,+0000.0016972790711193
+0000.3324580921598191,+0000.6658970111554923,+0000.0016448966846876
+0000.3231308752310554,+0000.6752742536703086,+0000.0015948710986351
+0000.3138710944613522,+0000.6845817674806887,+0000.0015471380579582
+0000.3046825457340389,+0000.6938158206728671,+0000.0015016335930931
+0000.2955689957052621,+0000.7029727102398848,+0000.0014582940548522
+0000.2865341802594397,+0000.7120487635914459,+0000.0014170561491135
+0000.2775818029776307,+0000.7210403400511439,+0000.0013778569712243
+0000.2687155336191540,+0000.7299438323407297,+0000.0013406340401153
+0000.2599390066168309,+0000.7387556680510404,+0000.0013053253321276
+0000.2512558195871002,+0000.7474723110984003,+0000.0012718693144987
+0000.2426695318548590,+0000.7560902631666017,+0000.0012402049785384
+0000.2341836629942662,+0000.7646060651332898,+0000.0012102718724429
+0000.2258016913858464,+0000.7730162984804048,+0000.0011820101337478
+0000.2175270527902531,+0000.7813175866883255,+0000.0011553605214204
+0000.2093631389398763,+0000.7895065966125825,+0000.0011302644475403
+0000.2013132961481524,+0000.7975800398432472,+0000.0011066640085996
+0000.1933808239377444,+0000.8055346740458831,+0000.0010845020163715
+0000.1855689736879093,+0000.8133673042837413,+0000.0010637220283481
+0000.1778809473013904,+0000.8210747843208573,+0000.0010442683777512
+0000.1703198958919388,+0000.8286540179049974,+0000.0010260862030628
