+0000.9999999999999987,+0000.0000000000000000,+0000.0000000000000000,+0000.0000000000000000
+0000.9998963126725917,+0000.0000987472720654,+0000.0000009397035587,+0000.0000040003517832
+0000.9995886539375849,+0000.0003829082150226,+0000.0000124382075098,+0000.0000159996398815
+0000.9990840590776364,+0000.0008343797000077,+0000.0000455685884047,+0000.0000359926339497
+0000.9983868022294019,+0000.0014588360064862,+0000.0000903909964772,+0000.0000639707676337
+0000.9974950870122109,+0000.0022846930051978,+0000.0001202978160574,+0000.0000999221665328
+0000.9964040793788749,+0000.0033265648163797,+0000.0001255242558274,+0000.0001438315489168
+0000.9951122860666235,+0000.0045569588596185,+0000.0001350749267357,+0000.0001956801470216
+0000.9936249867772768,+0000.0059271178227583,+0000.0001924495928948,+0000.0002554458070688
+0000.9919513386686709,+0000.0074210679067893,+0000.0003044901857274,+0000.0003231032388114
+0000.9900980107365699,+0000.0090809653914813,+0000.0004223996676390,+0000.0003986242043084
+0000.9880656187129697,+0000.0109659910668303,+0000.0004864127396068,+0000.0004819774805923
+0000.9858514599144126,+0000.0130818510852677,+0000.0004935603201257,+0000.0005731286801927
+0000.9834558351322814,+0000.0153598533151597,+0000.0005122713495122,+0000.0006720402030457
+0000.9808857187375630,+0000.0177186127213700,+0000.0006169970458975,+0000.0007786714951682
+0000.9781521644187254,+0000.0201498701124416,+0000.0008049859918531,+0000.0008929794769784
+0000.9752640091668876,+0000.0227336198089313,+0000.0009874522215340,+0000.0010149188026460
+0000.9722240722153586,+0000.0255556805622545,+0000.0010758054616305,+0000.0011444417607552
+0000.9690315701071823,+0000.0286078515610128,+0000.0010790803286575,+0000.0012814980031460
+0000.9656883413507900,+0000.0317799545422156,+0000.0011056696014419,+0000.0014260345055513
+0000.9622027363378449,+0000.0349630118653872,+0000.0012562558303052,+0000.0015779959664618
+0000.9585873472228941,+0000.0381617957339635,+0000.0015135316339596,+0000.0017373254091816
+0000.9548528225775131,+0000.0414943895456298,+0000.0017488233602597,+0000.0019039645165965
+0000.9510038488765873,+0000.0450684774159748,+0000.0018498202366015,+0000.0020778534708352
+0000.9470412241622836,+0000.0488575731438638,+0000.0018422721169674,+0000.0022589305768841
+0000.9429679465932250,+0000.0527110809118810,+0000.0018738402882715,+0000.0024471322066214
+0000.9387933078814908,+0000.0564982471585115,+0000.0020660516455250,+0000.0026423933144719
+0000.9345309702557152,+0000.0602416946355740,+0000.0023826869055093,+0000.0028446482032004
+0000.9301929311765857,+0000.0640967089573083,+0000.0026565289304963,+0000.0030538309356085
+0000.9257853044483646,+0000.0681875964805938,+0000.0027572239583973,+0000.0032698751126435
+0000.9213100315059308,+0000.0724660013025284,+0000.0027312538145052,+0000.0034927133770344
+0000.9167707973683521,+0000.0767432963753457,+0000.0027636289433685,+0000.0037222773129329
+0000.9121773131301290,+0000.0808733143931195,+0000.0029908744256948,+0000.0039584980510556
+0000.9075437623778145,+0000.0849006366295057,+0000.0033542938083902,+0000.0042013071842886
+0000.9028829530310296,+0000.0890157315485522,+0000.0036506781649587,+0000.0044506372554581
+0000.8982019136613285,+0000.0933540023869877,+0000.0037376624789410,+0000.0047064214727418
+0000.8935032225988695,+0000.0978425740003206,+0000.0036856103223774,+0000.0049685930784318
+0000.8887907176831514,+0000.1022584038540757,+0000.0037137932876341,+0000.0052370851751378
+0000.8840739550669811,+0000.1064465609455997,+0000.0039676525969243,+0000.0055118313904938
+0000.8793670462256233,+0000.1104767928685072,+0000.0043633939799140,+0000.0057927669259545
+0000.8746830310709988,+0000.1145716435118954,+0000.0046654962985669,+0000.0060798291185380
+0000.8700293035871677,+0000.1188720007225047,+0000.0047257385974049,+0000.0063729570929218
+0000.8654085406536982,+0000.1232788587263808,+0000.0046405096384244,+0000.0066720909814957
+0000.8608241752734593,+0000.1275394696380154,+0000.0046591834403586,+0000.0069771716481658
+0000.8562850204573973,+0000.1314968081764711,+0000.0049300299846247,+0000.0072881413815060
+0000.8518045160591424,+0000.1352479396338508,+0000.0053425992482400,+0000.0076049450587661
+0000.8473953538918095,+0000.1390433708211055,+0000.0056337445076219,+0000.0079275307794619
+0000.8430647454313364,+0000.1430239711468937,+0000.0056554339665594,+0000.0082558494552095
+0000.8388149344780493,+0000.1470640942067769,+0000.0055311174456445,+0000.0085898538695283
+0000.8346484071307760,+0000.1508869156419487,+0000.0055351789555086,+0000.0089294982717657
+0000.8305726707219098,+0000.1543397364771361,+0000.0058128537331478,+0000.0092747390678055
+0000.8265999271403884,+0000.1575479182363720,+0000.0062266185419390,+0000.0096255360812996
+0000.8227419768643724,+0000.1607849327017173,+0000.0064912371757577,+0000.0099818532581520
+0000.8190053403263442,+0000.1641864277501671,+0000.0064645737255735,+0000.0103436581979145
+0000.8153913412593314,+0000.1676007295150528,+0000.0062970081803503,+0000.0107109210452646
+0000.8119010304702875,+0000.1707332761452020,+0000.0062820794551344,+0000.0110836139293752
+0000.8085401106107503,+0000.1734416099949975,+0000.0065565677713541,+0000.0114617116228973
+0000.8053190494552321,+0000.1758791234941351,+0000.0069566341669457,+0000.0118451928836864
+0000.8022482856662903,+0000.1783365230361539,+0000.0071811500661290,+0000.0122340412314260
+0000.7993332145359043,+0000.1809395111634371,+0000.0070990298725314,+0000.0126282444281264
+0000.7965738320487914,+0000.1835121034350471,+0000.0068862713184470,+0000.0130277931977138
+0000.7939693533767264,+0000.1857488167888075,+0000.0068491493443685,+0000.0134326804900969
+0000.7915232746434822,+0000.1875226098246146,+0000.0071112134499418,+0000.0138429020819609
+0000.7892439358675010,+0000.1890133749154945,+0000.0074842312324395,+0000.0142584579845642
+0000.7871400470247558,+0000.1905227721791821,+0000.0076578274992711,+0000.0146793532967901
+0000.7852155483449155,+0000.1921624765948128,+0000.0075163774135428,+0000.0151055976467280
+0000.7834688087165109,+0000.1937349547363562,+0000.0072590328060827,+0000.0155372037410491
+0000.7818969236709417,+0000.1949308485554328,+0000.0071980413357484,+0000.0159741864378764
+0000.7805009051965315,+0000.1956427650685706,+0000.0074397664681827,+0000.0164165632667143
+0000.7792866998208091,+0000.1960743292998887,+0000.0077746149883719,+0000.0168643558909292
+0000.7782610492616184,+0000.1965315286095592,+0000.0078898310836859,+0000.0173175910451355
+0000.7774262353146403,+0000.1971087098173552,+0000.0076887549133784,+0000.0177762999546251
+0000.7767788301553664,+0000.1975905011880154,+0000.0073901519347026,+0000.0182405167219147
+0000.7763136623060742,+0000.1976706939107857,+0000.0073053665850900,+0000.0187102771980493
+0000.7760291249617040,+0000.1972646704601500,+0000.0075205851749211,+0000.0191856194032239
+0000.7759286500846219,+0000.1965958650041387,+0000.0078088998750044,+0000.0196665850362345
+0000.7760169137654889,+0000.1959678411911358,+0000.0078620245356614,+0000.0201532205077131
+0000.7762944760241119,+0000.1954552119925179,+0000.0076047356242001,+0000.0206455763591694
+0000.7767560847509313,+0000.1948292990293278,+0000.0072709107199256,+0000.0211437054998146
+0000.7773943016606965,+0000.1937937983149378,+0000.0071642381527844,+0000.0216476618715808
+0000.7782049185241020,+0000.1922887741401516,+0000.0073488065789992,+0000.0221575007567465
+0000.7791888832994500,+0000.1905525185858451,+0000.0075853177846567,+0000.0226732803300475
+0000.7803488563848807,+0000.1888795257447441,+0000.0075765550673395,+0000.0231950628030348
+0000.7816837563820780,+0000.1873232466304591,+0000.0072700831186596,+0000.0237229138688023
+0000.7831866237747740,+0000.1856468933543161,+0000.0069095820630146,+0000.0242569008078945
+0000.7848479020891385,+0000.1835703217900428,+0000.0067846851730455,+0000.0247970909477723
+0000.7866609499146193,+0000.1810588995374242,+0000.0069365986997100,+0000.0253435518482457
+0000.7886244101351424,+0000.1783599699678435,+0000.0071192670017536,+0000.0258963528952596
+0000.7907391196564130,+0000.1757526465940840,+0000.0070526671749565,+0000.0264555665745457
+0000.7930025733451811,+0000.1732688170501761,+0000.0067073416325720,+0000.0270212679720698
+0000.7954063579670348,+0000.1706692693856494,+0000.0063308398747890,+0000.0275935327725259
+0000.7979390866292801,+0000.1676955651948518,+0000.0061929126566749,+0000.0281724355191921
+0000.8005919925772396,+0000.1643377015117525,+0000.0063122562391708,+0000.0287580496718362
+0000.8033617276514070,+0000.1608456206785684,+0000.0064422024261070,+0000.0293504492439168
+0000.8062476249141459,+0000.1574773006194490,+0000.0063253642407029,+0000.0299497102257012
+0000.8092460945496507,+0000.1542437043952265,+0000.0059542908818837,+0000.0305559101732380
+0000.8123476429754686,+0000.1509091772724436,+0000.0055740536251372,+0000.0311691261269497
+0000.8155394610885728,+0000.1472416453055675,+0000.0054294609239611,+0000.0317894326818977
+0000.8188110836123155,+0000.1432538089005233,+0000.0055182055709736,+0000.0324169019161870
+0000.8221575981341751,+0000.1391913502322912,+0000.0055994465587250,+0000.0330516050748075
+0000.8255772574121678,+0000.1352861167151160,+0000.0054430117092885,+0000.0336936141634266
+0000.8290658229552039,+0000.1315298028913642,+0000.0050613724933705,+0000.0343430016600604
+0000.8326131884787371,+0000.1276963871443156,+0000.0046905859929250,+0000.0349998383840216
+0000.8362056244744525,+0000.1235837903123453,+0000.0045463938234322,+0000.0356641913897688
+0000.8398314844462018,+0000.1192243325017243,+0000.0046080592861359,+0000.0363361237659371
+0000.8434848014084251,+0000.1148524282888183,+0000.0046470739331343,+0000.0370156963696211
+0000.8471632445785544,+0000.1106697384621245,+0000.0044640473479336,+0000.0377029696113866
+0000.8508624285875117,+0000.1066513030146914,+0000.0040882650738172,+0000.0383980033239788
+0000.8545721644674816,+0000.1025867007197260,+0000.0037402801997279,+0000.0391008546130636
+0000.8582783646031042,+0000.0983063488253165,+0000.0036037109817397,+0000.0398115755898386
+0000.8619687746305511,+0000.0938580873939794,+0000.0036429249337261,+0000.0405302130417423
+0000.8656369302221757,+0000.0894581753516231,+0000.0036480842061087,+0000.0412568102200911
+0000.8692804513958032,+0000.0852751154229341,+0000.0034530243462931,+0000.0419914088349683
+0000.8728953377476072,+0000.0812707705785787,+0000.0030998425601683,+0000.0427340491136449
+0000.8764718738412601,+0000.0772559799257971,+0000.0027873785684284,+0000.0434847676645135
+0000.8799961996739295,+0000.0730949734316046,+0000.0026652318303092,+0000.0442435950641555
+0000.8834560444266650,+0000.0688461774252157,+0000.0026872227475302,+0000.0450105554005879
+0000.8868450128332579,+0000.0647011923261278,+0000.0026681267256829,+0000.0457856681149303
+0000.8901612094638341,+0000.0607935826510092,+0000.0024762576637726,+0000.0465689502213832
+0000.8934015429292649,+0000.0570762485656975,+0000.0021617919200657,+0000.0473604165849711
+0000.8965573157961599,+0000.0533864542659881,+0000.0018961521093351,+0000.0481600778285158
+0000.8996154663306271,+0000.0496223613855987,+0000.0017942344945037,+0000.0489679377892695
+0000.9025642777887239,+0000.0458474296137426,+0000.0018042996635698,+0000.0497839929339626
+0000.9053979607545846,+0000.0422227361368984,+0000.0017710688566003,+0000.0506082342519155
+0000.9081155994608562,+0000.0388463807565437,+0000.0015973700722814,+0000.0514406497103172
+0000.9107154904766931,+0000.0356670960379367,+0000.0013361887086805,+0000.0522812247766887
+0000.9131904500231125,+0000.0325530696645302,+0000.0011265399165965,+0000.0531299403957599
+0000.9155287329736732,+0000.0294353482646502,+0000.0010491484326072,+0000.0539867703290681
+0000.9177196890671829,+0000.0263764908605619,+0000.0010521396335959,+0000.0548516804386582
+0000.9197586053676019,+0000.0235020543007564,+0000.0010147097072263,+0000.0557246306244138
+0000.9216459669188762,+0000.0208754155146098,+0000.0008730400473703,+0000.0566055775191424
+0000.9233818578828551,+0000.0184463358936617,+0000.0006773309481000,+0000.0574944752753821
+0000.9249610213086707,+0000.0161176094500717,+0000.0005300956058859,+0000.0583912736353704
+0000.9263734612183510,+0000.0138510286668382,+0000.0004795949504806,+0000.0592959151643293
+0000.9276100151117441,+0000.0117021881656870,+0000.0004794623261902,+0000.0602083343963775
+0000.9286674191888790,+0000.0097571914074425,+0000.0004469295999877,+0000.0611284598036897
+0000.9295478763311690,+0000.0080466682317108,+0000.0003492387081039,+0000.0620562167290151
+0000.9302535498837602,+0000.0065268084590469,+0000.0002281132069194,+0000.0629915284502720
+0000.9307814124914406,+0000.0051377570381893,+0000.0001465161080685,+0000.0639343143623000
+0000.9311235366376536,+0000.0038689314618299,+0000.0001230447893685,+0000.0648844871111464
+0000.9312725511852832,+0000.0027630228205011,+0000.0001224744020153,+0000.0658419515921990
+0000.9312268912268505,+0000.0018639673241379,+0000.0001025345160045,+0000.0668066069330057
+0000.9309906674463726,+0000.0011727744041639,+0000.0000582084954606,+0000.0677783496540018
+0000.9305682846292853,+0000.0006574553922838,+0000.0000171849611463,+0000.0687570750172835
+0000.9299591170847354,+0000.0002972201587730,+0000.0000009874224975,+0000.0697426753339929
+0000.9291574923064190,+0000.0001051520157056,+0000.0000023186741032,+0000.0707350370037708
+0000.9281579981330624,+0000.0001054708654493,+0000.0000024916504008,+0000.0717340393510863
+0000.9269608790418835,+0000.0002985583198702,+0000.0000010060400942,+0000.0727395565981510
+0000.9255722022708752,+0000.0006599518410512,+0000.0000163846510133,+0000.0737514612370590
+0000.9239986345808751,+0000.0011746567850815,+0000.0000570829711058,+0000.0747696256629365
+0000.9222419820282592,+0000.0018615720690250,+0000.0001025252870300,+0000.0757939206156842
+0000.9202988705530391,+0000.0027528192584212,+0000.0001240980629357,+0000.0768242121256030
+0000.9181658697133858,+0000.0038491805054468,+0000.0001245896105781,+0000.0778603601705882
+0000.9158449978795404,+0000.0051074770572226,+0000.0001453044532202,+0000.0789022206100157
+0000.9133441819666014,+0000.0064827738676363,+0000.0002233954205513,+0000.0799496487452098
+0000.9106722268752802,+0000.0079818115940928,+0000.0003434603002132,+0000.0810025012304130
+0000.9078332569675251,+0000.0096626882914697,+0000.0004434200872020,+0000.0820606346538017
+0000.9048260964433738,+0000.0115714577183420,+0000.0004785434509625,+0000.0831239023873207
+0000.9016491755534277,+0000.0136813022949409,+0000.0004773691070394,+0000.0841921530445908
+0000.8983061084253313,+0000.0159068592864312,+0000.0005217999458450,+0000.0852652323423917
+0000.8948064447517069,+0000.0181883656434203,+0000.0006622027845014,+0000.0863429868203701
+0000.8911608666195153,+0000.0205584079803358,+0000.0008554593819810,+0000.0874252660181669
+0000.8873755680050015,+0000.0231126913348869,+0000.0009998194635328,+0000.0885119211965778
+0000.8834513368594161,+0000.0259058197533378,+0000.0010400412989630,+0000.0896028020882819
+0000.8793882102614025,+0000.0288801882564756,+0000.0010338463476787,+0000.0906977551344424
+0000.8751910904400049,+0000.0319109548295139,+0000.0011013294932357,+0000.0917966252372442
+0000.8708707881587403,+0000.0349295847050866,+0000.0013003675312041,+0000.0928992596049678
+0000.8664394812524426,+0000.0379978101649322,+0000.0015571984034332,+0000.0940055101791909
+0000.8619050668445459,+0000.0412462964371672,+0000.0017334042233012,+0000.0951152324949846
+0000.8572699462082651,+0000.0447327482007357,+0000.0017690232626051,+0000.0962282823283932
+0000.8525353964979944,+0000.0483666896399537,+0000.0017534001726812,+0000.0973445136893696
+0000.8477071928288449,+0000.0519877266610040,+0000.0018413000834629,+0000.0984637804266872
+0000.8427969442791016,+0000.0555247695526206,+0000.0020923460066159,+0000.0995859401616610
+0000.8378178473539024,+0000.0590710311115120,+0000.0024002645881513,+0000.1007108569464329
+0000.8327790435060658,+0000.0627885175551412,+0000.0025940386778011,+0000.1018384002609909
+0000.8276841071543390,+0000.0667327230784999,+0000.0026147282132447,+0000.1029684415539149
+0000.8225351034208559,+0000.0707794076042262,+0000.0025846370045144,+0000.1041008519704023
+0000.8173381867816065,+0000.0747376214508618,+0000.0026886879967392,+0000.1052355037707916
+0000.8121052314713861,+0000.0785398380807130,+0000.0029826561335049,+0000.1063722743143949
+0000.8068499112764699,+0000.0823119998836457,+0000.0033270399110629,+0000.1075110489288204
+0000.8015820923948508,+0000.0862429770524618,+0000.0035232105109373,+0000.1086517200417495
+0000.7963060245507849,+0000.0903810782473830,+0000.0035187135878418,+0000.1097941836139893
+0000.7910240565378974,+0000.0945686349113837,+0000.0034689719671648,+0000.1109383365835531
+0000.7857421848560426,+0000.0985900135353566,+0000.0035837235480097,+0000.1120840780605901
+0000.7804719807533490,+0000.1023870138786505,+0000.0039096920447874,+0000.1132313133232121
+0000.7752270252345949,+0000.1061183888954763,+0000.0042746289922781,+0000.1143799568776498
+0000.7700173644245349,+0000.1099946816125822,+0000.0044580222379713,+0000.1155299317249106
+0000.7648474035859075,+0000.1140525584853508,+0000.0044188722403353,+0000.1166811656884055
+0000.7597192551797466,+0000.1181024795223621,+0000.0043446767383262,+0000.1178335885595642
+0000.7546382139361669,+0000.1219106478204141,+0000.0044640052088026,+0000.1189871330346155
+0000.7496149827377017,+0000.1254333547209702,+0000.0048099238551995,+0000.1201417386861279
+0000.7446624885581751,+0000.1288610370800813,+0000.0051791191659244,+0000.1212973551958184
+0000.7397904244037694,+0000.1324201740179076,+0000.0053354598191508,+0000.1224539417591710
+0000.7350028462738143,+0000.1361320128196053,+0000.0052536775917553,+0000.1236114633148243
+0000.7303011318425159,+0000.1397778665800287,+0000.0051511141953098,+0000.1247698873821449
+0000.7256893614595488,+0000.1431126944657675,+0000.0052687593643092,+0000.1259291847103735
+0000.7211768445183080,+0000.1461116277321147,+0000.0056221945569301,+0000.1270893331926465
+0000.7167753382815185,+0000.1489944588145065,+0000.0059798816476193,+0000.1282503212563546
+0000.7124936972831538,+0000.1519975088241206,+0000.0060966464799254,+0000.1294121474127992
+0000.7083351739094008,+0000.1551236439840148,+0000.0059663657052024,+0000.1305748164013810
+0000.7042999696046668,+0000.1581288258582421,+0000.0058328688208616,+0000.1317383357162288
+0000.7003905042554287,+0000.1607638258640539,+0000.0059429539369433,+0000.1329027159435734
+0000.6966142435715831,+0000.1630259604903770,+0000.0062918213482931,+0000.1340679745897458
+0000.6929813385010135,+0000.1651609002035163,+0000.0066236216777364,+0000.1352341396177327
+0000.6894993997974702,+0000.1674085586819571,+0000.0066907923664153,+0000.1364012491541567
+0000.6861705039698781,+0000.1697513796398277,+0000.0065087688229005,+0000.1375693475673929
+0000.6829933230353972,+0000.1719247044710689,+0000.0063434908059530,+0000.1387384816875801
+0000.6799682675071257,+0000.1736820455241883,+0000.0064409861539248,+0000.1399087008147607
+0000.6771006136483442,+0000.1750451018204998,+0000.0067742240937305,+0000.1410800604374249
+0000.6743985765378703,+0000.1762808930951709,+0000.0070679044582175,+0000.1422526259087405
+0000.6718682244603473,+0000.1776267301607895,+0000.0070785730509552,+0000.1434264723279071
+0000.6695101934834615,+0000.1790435855537579,+0000.0068445403843464,+0000.1446016805784335
+0000.6673213861285480,+0000.1802516805269193,+0000.0066486000915588,+0000.1457783332529731
+0000.6652999756740983,+0000.1810138141013838,+0000.0067296959027617,+0000.1469565143217552
+0000.6634488299467797,+0000.1813770194402544,+0000.0070378378888939,+0000.1481363127240710
+0000.6617740261989717,+0000.1816242264051899,+0000.0072839212137563,+0000.1493178261820813
+0000.6602799171639199,+0000.1819842111032441,+0000.0072347104536364,+0000.1505011612791987
+0000.6589655594658648,+0000.1823964563059380,+0000.0069515547378806,+0000.1516864294903155
+0000.6578259760531824,+0000.1825721389477239,+0000.0067281421683111,+0000.1528737428307817
+0000.6568570116750648,+0000.1822892710029848,+0000.0067905041404122,+0000.1540632131815370
+0000.6560590472006470,+0000.1816198796655568,+0000.0070661173924272,+0000.1552549557413680
+0000.6554359594437885,+0000.1808566344673571,+0000.0072583131081213,+0000.1564490929807320
+0000.6549903482435888,+0000.1802143112380798,+0000.0071495855744539,+0000.1576457549438768
+0000.6547196862628344,+0000.1796119158367194,+0000.0068233225912446,+0000.1588450753092008
+0000.6546171445287172,+0000.1787580216249729,+0000.0065776470585077,+0000.1600471867878012
+0000.6546762906868027,+0000.1774509519194529,+0000.0066205372852944,+0000.1612522201084492
+0000.6548950847620167,+0000.1757861038182418,+0000.0068585040963439,+0000.1624603073233964
+0000.6552752820537945,+0000.1740591957688665,+0000.0069939362689343,+0000.1636715859084039
+0000.6558178285314322,+0000.1724661925373253,+0000.0068297796124664,+0000.1648861993187754
+0000.6565187422890765,+0000.1709076329338446,+0000.0064693316546948,+0000.1661042931223828
+0000.6573695059600841,+0000.1690960715149080,+0000.0062084123458393,+0000.1673260101791673
+0000.6583616006673592,+0000.1668542409328796,+0000.0062326691051941,+0000.1685514892945661
+0000.6594907707478768,+0000.1642980612883357,+0000.0064302995879477,+0000.1697808683758389
+0000.6607568629830600,+0000.1617193240876094,+0000.0065095242424351,+0000.1710142886868944
+0000.6621593959995726,+0000.1592911944112495,+0000.0062975138984947,+0000.1722518956906826
+0000.6636931866618957,+0000.1568986818970146,+0000.0059142961407746,+0000.1734938353003140
+0000.6653483173691381,+0000.1542648282092229,+0000.0056466055462688,+0000.1747402488753695
+0000.6671144994896173,+0000.1512397425589432,+0000.0056544863948253,+0000.1759912715566133
+0000.6689855909691937,+0000.1479559106502348,+0000.0058114631075402,+0000.1772470352730304
+0000.6709598605900221,+0000.1446941865041782,+0000.0058382797449739,+0000.1785076731608246
+0000.6730357359803173,+0000.1416019088255941,+0000.0055890344691399,+0000.1797733207249478
+0000.6752071914610334,+0000.1385523226310269,+0000.0051963736526153,+0000.1810441122553235
+0000.6774633022042955,+0000.1352851667519631,+0000.0049313553653218,+0000.1823201756784187
+0000.6797924313671120,+0000.1316796795111636,+0000.0049262585323561,+0000.1836016305893672
+0000.6821869808100840,+0000.1278800029517919,+0000.0050444251274632,+0000.1848885911106600
+0000.6846440649130290,+0000.1241492642095571,+0000.0050255003928534,+0000.1861811704845594
+0000.6871614412374305,+0000.1206070173086106,+0000.0047520588689688,+0000.1874794825849891
+0000.6897326797121128,+0000.1171192033850021,+0000.0043644783574486,+0000.1887836385454355
+0000.6923463192442358,+0000.1134479689072942,+0000.0041119703432569,+0000.1900937415052122
+0000.6949898727767578,+0000.1095021841324908,+0000.0040980587346501,+0000.1914098843561000
+0000.6976547876777059,+0000.1054319846381068,+0000.0041810752301841,+0000.1927321524540027
+0000.7003375099898888,+0000.1014764534272862,+0000.0041254081915427,+0000.1940606283912812
+0000.7030356017482426,+0000.0977265383900472,+0000.0038424659745546,+0000.1953953938871544
+0000.7057427147900825,+0000.0940458781528448,+0000.0034748803859504,+0000.1967365266711208
+0000.7084473685878664,+0000.0902240539201703,+0000.0032444823291121,+0000.1980840951628501
+0000.7111367670868916,+0000.0861988350936100,+0000.0032262418694006,+0000.1994381559500967
+0000.7138019418101416,+0000.0821201641214026,+0000.0032791377157036,+0000.2007987563527510
+0000.7164391843652080,+0000.0781974707276758,+0000.0031974055293791,+0000.2021659393777362
+0000.7190463548629545,+0000.0744934391266545,+0000.0029204599997745,+0000.2035397460106155
+0000.7216176869624555,+0000.0708747716660349,+0000.0025873289768773,+0000.2049202123946312
+0000.7241422083787296,+0000.0671626699917076,+0000.0023877571493332,+0000.2063073644802286
+0000.7266073626659316,+0000.0633218959117963,+0000.0023695261725262,+0000.2077012152497449
+0000.7290043048371695,+0000.0594957396233795,+0000.0023981884099729,+0000.2091017671294769
+0000.7313296775566349,+0000.0558592876217120,+0000.0023020176972037,+0000.2105090171244481
+0000.7335821159789199,+0000.0524484505021977,+0000.0020464739912824,+0000.2119229595275989
+0000.7357569137776230,+0000.0491385349820028,+0000.0017609678124226,+0000.2133435834279505
+0000.7378441099225673,+0000.0457855799707392,+0000.0015994427438033,+0000.2147708673628888
+0000.7398319076290019,+0000.0423783647325162,+0000.0015849513376795,+0000.2162047763008011
+0000.7417120894239116,+0000.0390470582474616,+0000.0015955884349314,+0000.2176452638936942
+0000.7434821107519645,+0000.0359288103676676,+0000.0014968010987230,+0000.2190922777816433
+0000.7451418077805609,+0000.0330353356691433,+0000.0012770938228035,+0000.2205457627274908
+0000.7466879570015550,+0000.0302560612702635,+0000.0010503232462328,+0000.2220056584819473
+0000.7481120534442776,+0000.0274840179644548,+0000.0009320341259660,+0000.2234718944653007
+0000.7494035178863742,+0000.0247281040074821,+0000.0009239915895445,+0000.2249443865165980
+0000.7505551959099031,+0000.0220991512756172,+0000.0009226138416951,+0000.2264230389727832
+0000.7515657416531873,+0000.0196940120708039,+0000.0008324961505295,+0000.2279077501254780
+0000.7524365366093034,+0000.0175037676077946,+0000.0006612800017871,+0000.2293984157811134
+0000.7531661778310400,+0000.0154372556674609,+0000.0005016389997869,+0000.2308949275017111
+0000.7537479737317281,+0000.0134255346374093,+0000.0004293242930898,+0000.2323971673377718
+0000.7541729294366870,+0000.0114929769695617,+0000.0004290892460204,+0000.2339050043477295
+0000.7544352925414293,+0000.0097253670351321,+0000.0004210439395707,+0000.2354182964838666
+0000.7545351994327529,+0000.0081782198297180,+0000.0003496845608543,+0000.2369368961766738
+0000.7544758147415860,+0000.0068263890357726,+0000.0002371419121800,+0000.2384606543104602
+0000.7542577851230664,+0000.0056029910017905,+0000.0001498050246791,+0000.2399894188504629
+0000.7538764792042674,+0000.0044770096359481,+0000.0001234815160505,+0000.2415230296437330
+0000.7533247397334706,+0000.0034831025871537,+0000.0001308429729812,+0000.2430613147063933
+0000.7525984375430925,+0000.0026770334228994,+0000.0001204371415374,+0000.2446040918924696
+0000.7516993532006104,+0000.0020732985188421,+0000.0000761737080653,+0000.2461511745724810
+0000.7506325484423443,+0000.0016355964112995,+0000.0000294791411207,+0000.2477023760052342
+0000.7494008238604255,+0000.0013255822636289,+0000.0000160855205260,+0000.2492575083554184
+0000.7480017294113387,+0000.0011489446216333,+0000.0000329483955498,+0000.2508163775714770
+0000.7464300708775646,+0000.0011451119389780,+0000.0000460377471145,+0000.2523787794363416
+0000.7446834329958399,+0000.0013357923262923,+0000.0000362736892772,+0000.2539445009885891
+0000.7427652701152887,+0000.0016961247224269,+0000.0000252789074119,+0000.2555133262548714
+0000.7406825225143637,+0000.0021841863294970,+0000.0000482501644624,+0000.2570850409916759
+0000.7384401170432541,+0000.0027936562360291,+0000.0001067946323388,+0000.2586594320883766
+0000.7360377739441450,+0000.0035646436082823,+0000.0001612999195424,+0000.2602362825280292
+0000.7334722541691375,+0000.0045357347805870,+0000.0001766438578992,+0000.2618153671923751
+0000.7307428127765637,+0000.0056916499583945,+0000.0001690832638995,+0000.2633964540011412
+0000.7278544736850121,+0000.0069711054983115,+0000.0001951111637976,+0000.2649793096528775
+0000.7248159051466307,+0000.0083323263938033,+0000.0002880637576546,+0000.2665637047019102
+0000.7216340024154105,+0000.0098035821208478,+0000.0004130021272621,+0000.2681494133364782
+0000.7183105155120211,+0000.0114561454489374,+0000.0004971306144807,+0000.2697362084245595
+0000.7148440232193652,+0000.0133222753905976,+0000.0005098443287016,+0000.2713238570613346
+0000.7112352786763292,+0000.0153479933596350,+0000.0005046065731658,+0000.2729121213908685
+0000.7074906451248721,+0000.0174396825571328,+0000.0005689080136401,+0000.2745007643043536
+0000.7036202458623830,+0000.0195614817117803,+0000.0007287176136218,+0000.2760895548122136
+0000.6996326673120279,+0000.0217777844915266,+0000.0009112800131401,+0000.2776782681833044
+0000.6955314308637595,+0000.0241869186006971,+0000.0010149694617332,+0000.2792666810738090
+0000.6913166789653621,+0000.0268096755398632,+0000.0010190786882046,+0000.2808545668065689
+0000.6869903763349724,+0000.0295529594670225,+0000.0010149683606275,+0000.2824416958373764
+0000.6825598856890116,+0000.0322958998060743,+0000.0011163731477974,+0000.2840278413571155
+0000.6780364081248614,+0000.0350140702356120,+0000.0013367367233197,+0000.2856127849162056
+0000.6734298435623942,+0000.0378084099584604,+0000.0015654295727551,+0000.2871963169063894
+0000.6687451279865172,+0000.0407994897202971,+0000.0016771505211929,+0000.2887782317719916
+0000.6639836170346758,+0000.0439920389048762,+0000.0016660210499624,+0000.2903583230104841
+0000.6591481083609445,+0000.0472547385089253,+0000.0016607698835154,+0000.2919363832466139
+0000.6542465385875974,+0000.0504453300681538,+0000.0017959216589443,+0000.2935122096853034
+0000.6492907301958381,+0000.0535558637864581,+0000.0020677960745365,+0000.2950856099431662
+0000.6442914442073695,+0000.0567230913572707,+0000.0023290615815084,+0000.2966564028538500
+0000.6392546021419774,+0000.0600844820452584,+0000.0024365020506719,+0000.2982244137620914
+0000.6341823529175451,+0000.0636248310551448,+0000.0024033467898960,+0000.2997894692374129
+0000.6290778845687833,+0000.0671767721746842,+0000.0023939465331664,+0000.3013513967233650
+0000.6239492259681302,+0000.0705830775482249,+0000.0025576666946179,+0000.3029100297890259
+0000.6188083158603649,+0000.0738566172133318,+0000.0028698528041592,+0000.3044652141221429
+0000.6136662799099927,+0000.0771680663327186,+0000.0031488451158591,+0000.3060168086414286
+0000.6085295545688519,+0000.0806661027651604,+0000.0032396617908281,+0000.3075646808751585
+0000.6034006239852799,+0000.0843125855267619,+0000.0031780891018221,+0000.3091087013861352
+0000.5982825924368884,+0000.0879074794211854,+0000.0031611851744756,+0000.3106487429674493
+0000.5931830765989241,+0000.0912853035927480,+0000.0033469341648571,+0000.3121846856434697
+0000.5881136113065649,+0000.0944831997906936,+0000.0036867661192039,+0000.3137164227835365
+0000.5830851797842320,+0000.0977027614870840,+0000.0039681962238659,+0000.3152438625048171
+0000.5781042544896122,+0000.1010980376386621,+0000.0040307847279935,+0000.3167669231437312
+0000.5731731920991976,+0000.1046059325687177,+0000.0039353479363427,+0000.3182855273957413
+0000.5682945415641946,+0000.1079981980102934,+0000.0039076593902356,+0000.3197996010352755
+0000.5634750147581171,+0000.1111078493867193,+0000.0041080582311428,+0000.3213090776240198
+0000.5587252418794271,+0000.1139987012183220,+0000.0044621521962200,+0000.3228139047060301
+0000.5540555798860297,+0000.1168992248743325,+0000.0047311497486152,+0000.3243140454910216
+0000.5494720833517392,+0000.1199630574230630,+0000.0047553847934573,+0000.3258094744317394
+0000.5449765474544823,+0000.1231011896093544,+0000.0046220918470319,+0000.3273001710891304
+0000.5405705304088941,+0000.1260625297154018,+0000.0045808215122428,+0000.3287861183634603
+0000.5362593921084517,+0000.1286851072305169,+0000.0047881937877687,+0000.3302673068732619
+0000.5320524097952237,+0000.1310606411300207,+0000.0051432078756586,+0000.3317437411990957
+0000.5279588855628026,+0000.1334395250376811,+0000.0053861475573780,+0000.3332154418421375
+0000.5239840584210180,+0000.1359694554701872,+0000.0053640451821910,+0000.3346824409266027
+0000.5201287875458243,+0000.1385356471932951,+0000.0051907894502202,+0000.3361447758106593
+0000.5163932718796145,+0000.1408702520206114,+0000.0051339892762611,+0000.3376024868235122
+0000.5127811478139468,+0000.1428223468921402,+0000.0053408840075860,+0000.3390556212863260
+0000.5092999728921719,+0000.1445115452874569,+0000.0056842420413319,+0000.3405042397790387
+0000.5059576488379020,+0000.1462044479252422,+0000.0058894848630678,+0000.3419484183737874
+0000.5027582844590001,+0000.1480377274670764,+0000.0058157435840085,+0000.3433882444899139
+0000.4997015141972527,+0000.1498720538762445,+0000.0056026216479539,+0000.3448238102785481
+0000.4967859018071879,+0000.1514294062767526,+0000.0055294820463498,+0000.3462552098697091
+0000.4940130891426859,+0000.1525752268935211,+0000.0057291409476442,+0000.3476825430161479
+0000.4913886522864381,+0000.1534557497677076,+0000.0060496765830269,+0000.3491059213628265
+0000.4889188520353916,+0000.1543474945282446,+0000.0062081824744621,+0000.3505254709619007
+0000.4866064560646843,+0000.1553716479763771,+0000.0060805676449210,+0000.3519413283140167
+0000.4844496909894310,+0000.1563666181522170,+0000.0058300572956541,+0000.3533536335626969
+0000.4824453211279132,+0000.1570510561565000,+0000.0057410954497261,+0000.3547625272658599
+0000.4805928410233692,+0000.1573111716934995,+0000.0059278336327786,+0000.3561681536503519
+0000.4788957045895886,+0000.1573173105262897,+0000.0062163180127263,+0000.3575706668713943
+0000.4773584104780600,+0000.1573492609991986,+0000.0063220947014380,+0000.3589702338213022
+0000.4759822911228966,+0000.1575090382358879,+0000.0061416402453042,+0000.3603670303959103
+0000.4747641000331263,+0000.1576160441553882,+0000.0058586212675710,+0000.3617612345439135
+0000.4736987606171220,+0000.1573924653716706,+0000.0057557514265537,+0000.3631530225846528
+0000.4727835951665302,+0000.1567486045011755,+0000.0059252282629133,+0000.3645425720693800
+0000.4720199234760094,+0000.1558752552316499,+0000.0061747532681717,+0000.3659300680241679
+0000.4714104861601608,+0000.1550486905500935,+0000.0062251172218675,+0000.3673157060678773
+0000.4709552078497780,+0000.1543489727159888,+0000.0059961304851244,+0000.3686996889491077
+0000.4706494251978727,+0000.1535806137690268,+0000.0056877415321970,+0000.3700822195009027
+0000.4704863044904484,+0000.1524759793333533,+0000.0055742196423268,+0000.3714634965338705
+0000.4704610994481769,+0000.1509715976470092,+0000.0057235855966935,+0000.3728437173081192
+0000.4705731114374239,+0000.1492740195819632,+0000.0059297852243134,+0000.3742230837562983
+0000.4708234497205483,+0000.1476493217613051,+0000.0059254225871336,+0000.3756018059310122
+0000.4712107761963209,+0000.1461538343545011,+0000.0056552905893277,+0000.3769800988598492
+0000.4717291835353923,+0000.1445820142209440,+0000.0053306267834803,+0000.3783581754601824
+0000.4723702837419088,+0000.1426826024838663,+0000.0052108717301725,+0000.3797362420440515
+0000.4731274863176723,+0000.1404192264210365,+0000.0053387868529538,+0000.3811145004083363
+0000.4739983077540288,+0000.1380086476543814,+0000.0054998905525993,+0000.3824931540389894
+0000.4749824640039337,+0000.1357004053571414,+0000.0054447187302475,+0000.3838724119086759
+0000.4760776047503473,+0000.1335263827980829,+0000.0051435267532848,+0000.3852524856982841
+0000.4772768550887700,+0000.1312763683790341,+0000.0048131938016113,+0000.3866335827305836
+0000.4785705802655138,+0000.1287210213024308,+0000.0046924973062245,+0000.3880159011258300
+0000.4799506745387244,+0000.1258506669597380,+0000.0047990269797571,+0000.3893996315217798
+0000.4814132032610214,+0000.1228860833602045,+0000.0049157501169876,+0000.3907849632617856
+0000.4829568196503130,+0000.1200544986728497,+0000.0048165931148715,+0000.3921720885619649
+0000.4845784976045648,+0000.1173637237435149,+0000.0044965785042956,+0000.3935612001476235
+0000.4862707543208920,+0000.1146046321003019,+0000.0041721293149992,+0000.3949524842638056
+0000.4880230990561388,+0000.1115745099985084,+0000.0040562754224018,+0000.3963461155229500
+0000.4898263214728600,+0000.1082887420900570,+0000.0041426781684671,+0000.3977422582686149
+0000.4916754454224112,+0000.1049655164405145,+0000.0042179653890326,+0000.3991410727480408
+0000.4935684594379723,+0000.1018047535243150,+0000.0040840673710960,+0000.4005427196666158
+0000.4955020585496834,+0000.0987916413087493,+0000.0037589418581514,+0000.4019473582834147
+0000.4974685690614689,+0000.0957240612182908,+0000.0034522301650713,+0000.4033551395551681
+0000.4994570913168587,+0000.0924296553501746,+0000.0033470526154637,+0000.4047662007175021
+0000.5014577745133806,+0000.0889460765534699,+0000.0034154826283933,+0000.4061806663047552
+0000.5034650573969314,+0000.0854821592351030,+0000.0034541290615490,+0000.4075986543064152
+0000.5054766998611581,+0000.0822064788691297,+0000.0032965401490199,+0000.4090202811206911
+0000.5074895459850917,+0000.0790840716183363,+0000.0029807222486770,+0000.4104456601478937
+0000.5094961757760529,+0000.0759257151017361,+0000.0027032140013150,+0000.4118748951208945
+0000.5114857535522194,+0000.0725920469333378,+0000.0026141250556573,+0000.4133080744587843
+0000.5134482742308962,+0000.0691391757433837,+0000.0026672780721580,+0000.4147452719535608
+0000.5153780626663985,+0000.0657599239852087,+0000.0026754604435009,+0000.4161865529048905
+0000.5172730923396540,+0000.0625885922633760,+0000.0025063359194229,+0000.4176319794775456
+0000.5191307838576380,+0000.0595734658290992,+0000.0022141404885603,+0000.4190816098247012
+0000.5209444117124931,+0000.0565438693386270,+0000.0019762272973776,+0000.4205354916515011
+0000.5227036710025906,+0000.0533949182351966,+0000.0019077543862315,+0000.4219936563759799
+0000.5243988781450721,+0000.0501965132299586,+0000.0019484891347619,+0000.4234561194902062
+0000.5260246976308007,+0000.0471191721836049,+0000.0019332435245581,+0000.4249228866610352
+0000.5275797330271568,+0000.0442612055540128,+0000.0017651019300309,+0000.4263939594887986
+0000.5290623773486316,+0000.0415583510340183,+0000.0015099364346226,+0000.4278693351827264
+0000.5304670056835123,+0000.0388636979997186,+0000.0013202959199414,+0000.4293490003968268
+0000.5317842735744370,+0000.0361071386004613,+0000.0012756625962906,+0000.4308329252288098
+0000.5330052530753733,+0000.0333670525128075,+0000.0013066311553537,+0000.4323210632564645
+0000.5341253533374954,+0000.0307859729920192,+0000.0012753160836619,+0000.4338133575868222
+0000.5351441690054706,+0000.0284257810309251,+0000.0011203029606607,+0000.4353097470029423
+0000.5360614010796715,+0000.0262145134550603,+0000.0009139192616587,+0000.4368101662036085
+0000.5368728685394548,+0000.0240336268304458,+0000.0007789646868327,+0000.4383145399432651
+0000.5375705518217030,+0000.0218469215218555,+0000.0007597497647734,+0000.4398227768916669
+0000.5381466432303459,+0000.0197355187661478,+0000.0007830686606689,+0000.4413347693428362
+0000.5385976260736074,+0000.0178091233911181,+0000.0007428513493053,+0000.4428503991859680
+0000.5389243659565921,+0000.0160940360387984,+0000.0006120535873654,+0000.4443695444172426
+0000.5391281228928299,+0000.0145158969736991,+0000.0004639001873630,+0000.4458920799461068
+0000.5392064167417823,+0000.0129883547788873,+0000.0003873564185525,+0000.4474178720607767
+0000.5391528288944816,+0000.0115071388911140,+0000.0003932600476772,+0000.4489467721667260
+0000.5389609443539251,+0000.0101501894998250,+0000.0004102499882330,+0000.4504786161580155
+0000.5386285531498389,+0000.0089905663919814,+0000.0003676501820763,+0000.4520132302761021
+0000.5381579709477047,+0000.0080210898446879,+0000.0002705012532421,+0000.4535504379543642
+0000.5375521651156367,+0000.0071705594694647,+0000.0001872142331185,+0000.4550900611817786
+0000.5368105098382387,+0000.0063877256430087,+0000.0001698492114333,+0000.4566319153073180
+0000.5359283584038316,+0000.0056972515975325,+0000.0001985873299306,+0000.4581758026687039
+0000.5349008528902367,+0000.0051680320701503,+0000.0002096034290860,+0000.4597215116105255
+0000.5337272113045941,+0000.0048338431261764,+0000.0001701233787090,+0000.4612688221905191
+0000.5324112652523658,+0000.0046572888549220,+0000.0001139325781614,+0000.4628175133145497
