+0000.0000000000000000,+0001.0000000000000000,+0000.0000000000000000
+0000.0001000090836977,+0000.9998999908537876,+0000.0000000000625146
+0000.0003999953273420,+0000.9996000036724765,+0000.0000000010001816
+0000.0008998357254013,+0000.9991001592116125,+0000.0000000050629863
+0000.0015993253247001,+0000.9984006586756790,+0000.0000000159996210
+0000.0024981773084596,+0000.9975017836359791,+0000.0000000390555613
+0000.0035960231139079,+0000.9964038959157180,+0000.0000000809703740
+0000.0048924125834085,+0000.9951074374423338,+0000.0000001499742574
+0000.0063868141490484,+0000.9936129300671354,+0000.0000002557838164
+0000.0080786150506076,+0000.9919209753523190,+0000.0000004095970734
+0000.0099671215868216,+0000.9900322543254613,+0000.0000006240877170
+0000.0120515593998341,+0000.9879475272015728,+0000.0000009133985929
+0000.0143310737927232,+0000.9856676330728406,+0000.0000012931344361
+0000.0168047300799697,+0000.9831934895661777,+0000.0000017803538523
+0000.0194715139707258,+0000.9805260924687270,+0000.0000023935605471
+0000.0223303319847251,+0000.9776665153214641,+0000.0000031526938108
+0000.0253800119006650,+0000.9746159089810748,+0000.0000040791182603
+0000.0286193032368763,+0000.9713755011502799,+0000.0000051956128438
+0000.0320468777640845,+0000.9679465958768025,+0000.0000065263591127
+0000.0356613300500482,+0000.9643305730211862,+0000.0000080969287657
+0000.0394611780358605,+0000.9605288876936691,+0000.0000099342704703
+0000.0434448636436634,+0000.9565430696603685,+0000.0000120666959678
+0000.0476107534155428,+0000.9523747227189888,+0000.0000145238654681
+0000.0519571391833226,+0000.9480255240443383,+0000.0000173367723391
+0000.0564822387690048,+0000.9434972235038961,+0000.0000205377270990
+0000.0611841967155461,+0000.9387916429437361,+0000.0000241603407178
+0000.0660610850476935,+0000.9339106754450718,+0000.0000282395072347
+0000.0711109040625446,+0000.9288562845517554,+0000.0000328113856999
+0000.0763315831495320,+0000.9236305034690203,+0000.0000379133814475
+0000.0817209816394677,+0000.9182354342338236,+0000.0000435841267085
+0000.0872768896823363,+0000.9126732468570919,+0000.0000498634605718
+0000.0929970291534280,+0000.9069461784382697,+0000.0000567924083022
+0000.0988790545874987,+0000.9010565322524775,+0000.0000644131600236
+0000.1049205541405127,+0000.8950066768107097,+0000.0000727690487778
+0000.1111190505786254,+0000.8887990448934073,+0000.0000819045279670
+0000.1174720022939752,+0000.8824361325578334,+0000.0000918651481913
+0000.1239768043468510,+0000.8759204981196592,+0000.0001026975334897
+0000.1306307895338684,+0000.8692547611091359,+0000.0001144493569957
+0000.1374312294816354,+0000.8624416012023464,+0000.0001271693160182
+0000.1443753357655336,+0000.8554837571279084,+0000.0001409071065579
+0000.1514602610530885,+0000.8483840255496404,+0000.0001557133972709
+0000.1586831002715396,+0000.8411452599255707,+0000.0001716398028896
+0000.1660408917990413,+0000.8337703693438445,+0000.0001887388571140
+0000.1735306186790863,+0000.8262623173359297,+0000.0002070639849840
+0000.1811492098575888,+0000.8186241206676661,+0000.0002266694747450
+0000.1888935414421786,+0000.8108588481086024,+0000.0002476104492190
+0000.1967604379831391,+0000.8029696191801671,+0000.0002699428366937
+0000.2047466737755035,+0000.7949596028831546,+0000.0002937233413421
+0000.2128489741817338,+0000.7868320164050810,+0000.0003190094131853
+0000.2210640169744930,+0000.7785901238078951,+0000.0003458592176117
+0000.2293884336989083,+0000.7702372346966253,+0000.0003743316044662
+0000.2378188110538067,+0000.7617767028694709,+0000.0004044860767222
+0000.2463516922913157,+0000.7532119249499346,+0000.0004363827587497
+0000.2549835786343076,+0000.7445463390014974,+0000.0004700823641947
+0000.2637109307110546,+0000.7357834231254627,+0000.0005056461634825
+0000.2725301700065464,+0000.7269266940424941,+0000.0005431359509595
+0000.2814376803298358,+0000.7179797056584764,+0000.0005826140116877
+0000.2904298092968524,+0000.7089460476152408,+0000.0006241430879069
+0000.2995028698280566,+0000.6998293438267651,+0000.0006677863451780
+0000.3086531416603079,+0000.6906332510014686,+0000.0007136073382236
+0000.3178768728723366,+0000.6813614571511843,+0000.0007616699764791
+0000.3271702814232114,+0000.6720176800874174,+0000.0008120384893714
+0000.3365295567031559,+0000.6626056659055062,+0000.0008647773913382
+0000.3459508610960659,+0000.6531291874573298,+0000.0009199514466043
+0000.3554303315530989,+0000.6435920428131704,+0000.0009776256337307
+0000.3649640811767145,+0000.6339980537133351,+0000.0010378651099504
+0000.3745482008144615,+0000.6243510640102304,+0000.0011007351753080
+0000.3841787606619256,+0000.6146549381014560,+0000.0011663012366184
+0000.3938518118740965,+0000.6049135593546442,+0000.0012346287712593
+0000.4035633881846105,+0000.5951308285245747,+0000.0013057832908149
+0000.4133095075320540,+0000.5853106621633603,+0000.0013798303045857
+0000.4230861736927907,+0000.5754569910242285,+0000.0014568352829807
+0000.4328893779196297,+0000.5655737584595625,+0000.0015368636208079
+0000.4427151005855311,+0000.5556649188139897,+0000.0016199806004791
+0000.4525593128318553,+0000.5457344358129991,+0000.0017062513551455
+0000.4624179782203747,+0000.5357862809478451,+0000.0017957408317803
+0000.4722870543883587,+0000.5258244318574178,+0000.0018885137542236
+0000.4821624947061560,+0000.5158528707076369,+0000.0019846345862073
+0000.4920402499364429,+0000.5058755825691825,+0000.0020841674943745
+0000.5019162698945864,+0000.4958965537941019,+0000.0021871763113115
+0000.5117865051094317,+0000.4859197703919607,+0000.0022937244986076
+0000.5216469084836999,+0000.4759492164063412,+0000.0024038751099587
+0000.5314934369534764,+0000.4659888722921920,+0000.0025176907543316
+0000.5413220531460720,+0000.4560427132947218,+0000.0026352335592060
+0000.5511287270354490,+0000.4461147078306432,+0000.0027565651339077
+0000.5609094375947510,+0000.4362088158721958,+0000.0028817465330531
+0000.5706601744450365,+0000.4263289873348460,+0000.0030108382201173
+0000.5803769394997182,+0000.4164791604691371,+0000.0031439000311447
+0000.5900557486039395,+0000.4066632602574427,+0000.0032809911386175
+0000.5996926331682189,+0000.3968851968162848,+0000.0034221700154965
+0000.6092836417957141,+0000.3871488638048334,+0000.0035674943994525
+0000.6188248419024925,+0000.3774581368402036,+0000.0037170212573037
+0000.6283123213299771,+0000.3678168719203503,+0000.0038708067496728
+0000.6377421899491323,+0000.3582289038549848,+0000.0040289061958828
+0000.6471105812555182,+0000.3486980447053777,+0000.0041913740391041
+0000.6564136539547181,+0000.3392280822335111,+0000.0043582638117709
+0000.6656475935374148,+0000.3298227783613040,+0000.0045296281012812
+0000.6748086138434609,+0000.3204858676405437,+0000.0047055185159954
+0000.6838929586143289,+0000.3112210557341222,+0000.0048859856515488
+0000.6928969030333503,+0000.3020320179091536,+0000.0050710790574960
+0000.7018167552529602,+0000.2929223975427440,+0000.0052608472042958
+0000.7106488579085321,+0000.2838958046408084,+0000.0054553374506593
+0000.7193895896179762,+0000.2749558143707547,+0000.0056545960112690
+0000.7280353664666448,+0000.2661059656084672,+0000.0058586679248881
+0000.7365826434768580,+0000.2573497595002693,+0000.0060675970228729
+0000.7450279160614418,+0000.2486906580404570,+0000.0062814258981013
+0000.7533677214607108,+0000.2401320826649559,+0000.0065001958743331
+0000.7615986401623434,+0000.2316774128616391,+0000.0067239469760173
+0000.7697172973034289,+0000.2233299847980158,+0000.0069527178985553
+0000.7777203640543090,+0000.2150930899666515,+0000.0071865459790396
+0000.7856045589834517,+0000.2069699738490715,+0000.0074254671674768
+0000.7933666494029494,+0000.1989638345985401,+0000.0076695159985104
+0000.8010034526940136,+0000.1910778217423295,+0000.0079187255636567
+0000.8085118376119063,+0000.1833150349040304,+0000.0081731274840633
+0000.8158887255698490,+0000.1756785225463430,+0000.0084327518838080
+0000.8231310919013266,+0000.1681712807349267,+0000.0086976273637468
+0000.8302359671002381,+0000.1607962519238403,+0000.0089677809759218
+0000.8372004380385004,+0000.1535563237629518,+0000.0092432381985475
+0000.8440216491604611,+0000.1464543279279601,+0000.0095240229115786
+0000.8506968036537494,+0000.1394930389733730,+0000.0098101573728775
+0000.8572231645960318,+0000.1326751732089780,+0000.0101016621949904
+0000.8635980560771768,+0000.1260033876002826,+0000.0103985563225406
+0000.8698188642964439,+0000.1194802786933014,+0000.0107008570102546
+0000.8758830386341883,+0000.1131083815641836,+0000.0110085798016281
+0000.8817880926976238,+0000.1068901687941352,+0000.0113217385082411
+0000.8875316053403112,+0000.1008280494699516,+0000.0116403451897372
+0000.8931112216548289,+0000.0949243682107018,+0000.0119644101344695
+0000.8985246539383192,+0000.0891814042208509,+0000.0122939418408300
+0000.9037696826304811,+0000.0836013703702521,+0000.0126289469992668
+0000.9088441572235740,+0000.0781864123014283,+0000.0129694304749977
+0000.9137459971441628,+0000.0729386075644040,+0000.0133153952914333
+0000.9184731926061412,+0000.0678599647795465,+0000.0136668426143121
+0000.9230238054347777,+0000.0629524228286595,+0000.0140237717365631
+0000.9273959698613090,+0000.0582178500748001,+0000.0143861800638909
+0000.9315878932879478,+0000.0536580436109443,+0000.0147540631011078
+0000.9355978570228124,+0000.0492747285379820,+0000.0151274144392057
+0000.9394242169845723,+0000.0450695572722469,+0000.0155062257431807
+0000.9430654043765225,+0000.0410441088828577,+0000.0158904867406197
+0000.9465199263297310,+0000.0371998884592241,+0000.0162801852110449
+0000.9497863665151054,+0000.0335383265088584,+0000.0166753069760360
+0000.9528633857240517,+0000.0300607783858239,+0000.0170758358901244
+0000.9557497224174942,+0000.0267685237500368,+0000.0174817538324693
+0000.9584441932430920,+0000.0236627660575830,+0000.0178930406993248
+0000.9609456935203344,+0000.0207446320823765,+0000.0183096743972891
+0000.9632531976934202,+0000.0180151714692224,+0000.0187316308373573
+0000.9653657597516766,+0000.0154753563185532,+0000.0191588839297701
+0000.9672825136173590,+0000.0131260808029751,+0000.0195914055796659
+0000.9690026735006756,+0000.0109681608157859,+0000.0200291656835382
+0000.9705255342218937,+0000.0090023336515996,+0000.0204721321265066
+0000.9718504715003793,+0000.0072292577192281,+0000.0209202707803924
+0000.9729769422104780,+0000.0056495122869062,+0000.0213735455026156
+0000.9739044846041086,+0000.0042635972599864,+0000.0218319181359048
+0000.9746327184999901,+0000.0030719329911847,+0000.0222953485088251
+0000.9751613454394255,+0000.0020748601234457,+0000.0227637944371289
+0000.9754901488085661,+0000.0012726394655142,+0000.0232372117259197
+0000.9756189939271250,+0000.0006654519002301,+0000.0237155541726449
+0000.9755478281034875,+0000.0002533983256070,+0000.0241987735709055
+0000.9752766806562053,+0000.0000364996287084,+0000.0246868197150864
+0000.9748056629018573,+0000.0000146966923282,+0000.0251796404058146
+0000.9741349681092946,+0000.0001878504344791,+0000.0256771814562263
+0000.9732648714202755,+0000.0005557418806617,+0000.0261793866990629
+0000.9721957297365287,+0000.0011180722688900,+0000.0266861979945812
+0000.9709279815732937,+0000.0018744631874259,+0000.0271975552392801
+0000.9694621468793991,+0000.0028244567451613,+0000.0277133963754397
+0000.9677988268239291,+0000.0039675157745915,+0000.0282336574014793
+0000.9659387035496211,+0000.0053030240672658,+0000.0287582723831130
+0000.9638825398930287,+0000.0068302866416499,+0000.0292871734653213
+0000.9616311790716116,+0000.0085485300432673,+0000.0298202908851211
+0000.9591855443378664,+0000.0104569026769990,+0000.0303575529851346
+0000.9565466386006209,+0000.0125544751714211,+0000.0308988862279579
+0000.9537155440137032,+0000.0148402407749863,+0000.0314442152113103
+0000.9506934215320794,+0000.0173131157839402,+0000.0319934626839802
+0000.9474815104356991,+0000.0199719400017553,+0000.0325465495625456
+0000.9440811278212218,+0000.0228154772299062,+0000.0331033949488721
+0000.9404936680618234,+0000.0258424157897934,+0000.0336639161483831
+0000.9367206022353431,+0000.0290513690755690,+0000.0342280286890879
+0000.9327634775209495,+0000.0324408761376769,+0000.0347956463413737
+0000.9286239165646184,+0000.0360094022968358,+0000.0353666811385457
+0000.9243036168136599,+0000.0397553397882276,+0000.0359410433981126
+0000.9198043498205930,+0000.0436770084356009,+0000.0365186417438060
+0000.9151279605165776,+0000.0477726563550845,+0000.0370993831283376
+0000.9102763664548482,+0000.0520404606882868,+0000.0376831728568649
+0000.9052515570242917,+0000.0564785283645261,+0000.0382699146111819
+0000.9000555926336093,+0000.0610848968917809,+0000.0388595104746097
+0000.8946906038663529,+0000.0658575351760642,+0000.0394518609575829
+0000.8891587906071547,+0000.0707943443689158,+0000.0400468650239295
+0000.8834624211396152,+0000.0758931587425677,+0000.0406444201178170
+0000.8776038312160701,+0000.0811517465925509,+0000.0412444221913789
+0000.8715854230997309,+0000.0865678111672759,+0000.0418467657329933
+0000.8654096645795504,+0000.0921389916242385,+0000.0424513437962108
+0000.8590790879582022,+0000.0978628640124733,+0000.0430580480293247
+0000.8525962890136458,+0000.1037369422807944,+0000.0436667687055596
+0000.8459639259346299,+0000.1097586793114844,+0000.0442773947538857
+0000.8391847182306147,+0000.1159254679789521,+0000.0448898137904332
+0000.8322614456165760,+0000.1222346422329223,+0000.0455039121505015
+0000.8251969468730869,+0000.1286834782057628,+0000.0461195749211505
+0000.8179941186821733,+0000.1352691953434604,+0000.0467366859743662
+0000.8106559144395132,+0000.1419889575597129,+0000.0473551280007737
+0000.8031853430432814,+0000.1488398744128119,+0000.0479747825439069
+0000.7955854676602885,+0000.1558190023047065,+0000.0485955300350052
+0000.7878594044698732,+0000.1629233457017957,+0000.0492172498283309
+0000.7800103213860016,+0000.1701498583769996,+0000.0498398202369987
+0000.7720414367582633,+0000.1774954446724495,+0000.0504631185692871
+0000.7639560180520834,+0000.1849569607824744,+0000.0510870211654421
+0000.7557573805088470,+0000.1925312160562118,+0000.0517114034349412
+0000.7474488857864346,+0000.2002149743193559,+0000.0523361398942095
+0000.7390339405806936,+0000.2080049552145263,+0000.0529611042047800
+0000.7305159952285070,+0000.2158978355596255,+0000.0535861692118675
+0000.7218985422929074,+0000.2238902507237303,+0000.0542112069833620
+0000.7131851151309059,+0000.2319787960198816,+0000.0548360888492125
+0000.7043792864446151,+0000.2401600281141945,+0000.0554606854411901
+0000.6954846668162009,+0000.2484304664507808,+0000.0560848667330182
+0000.6865049032272929,+0000.2567865946918516,+0000.0567085020808555
+0000.6774436775635759,+0000.2652248621723210,+0000.0573314602641032
+0000.6683047051049462,+0000.2737416853685105,+0000.0579536095265431
+0000.6590917330020447,+0000.2823334493801823,+0000.0585748176177731
+0000.6498085387397194,+0000.2909965094253498,+0000.0591949518349307
+0000.6404589285879932,+0000.2997271923473117,+0000.0598138790646947
+0000.6310467360413582,+0000.3085217981331113,+0000.0604314658255304
+0000.6215758202467777,+0000.3173766014430351,+0000.0610475783101871
+0000.6120500644212424,+0000.3262878531503438,+0000.0616620824284138
+0000.6024733742594564,+0000.3352517818906622,+0000.0622748438498814
+0000.5928496763322356,+0000.3442645956204610,+0000.0628857280473032
+0000.5831829164765201,+0000.3533224831837637,+0000.0634946003397160
+0000.5734770581772766,+0000.3624216158867885,+0000.0641013259359347
+0000.5637360809423402,+0000.3715581490795217,+0000.0647057699781379
+0000.5539639786705712,+0000.3807282237438450,+0000.0653077975855837
+0000.5441647580142044,+0000.3899279680873661,+0000.0659072738984295
+0000.5343424367358683,+0000.3991534991424820,+0000.0665040641216497
+0000.5245010420611967,+0000.4084009243697873,+0000.0670980335690160
+0000.5146446090274258,+0000.4176663432654272,+0000.0676890477071470
+0000.5047771788288601,+0000.4269458489715480,+0000.0682769721995920
+0000.4949027971598168,+0000.4362355298892447,+0000.0688616729509385
+0000.4850255125556596,+0000.4455314712934083,+0000.0694430161509321
+0000.4751493747328097,+0000.4548297569486163,+0000.0700208683185740
+0000.4652784329281363,+0000.4641264707256603,+0000.0705950963462033
+0000.4554167342386179,+0000.4734176982178538,+0000.0711655675435281
+0000.4455683219618832,+0000.4826995283565210,+0000.0717321496815954
+0000.4357372339382382,+0000.4919680550250721,+0000.0722947110366894
+0000.4259275008951002,+0000.5012193786707789,+0000.0728531204341205
+0000.4161431447941795,+0000.5104496079139047,+0000.0734072472919157
+0000.4063881771823264,+0000.5196548611533001,+0000.0739569616643733
+0000.3966665975466770,+0000.5288312681678508,+0000.0745021342854721
+0000.3869823916747281,+0000.5379749717131550,+0000.0750426366121167
+0000.3773395300199773,+0000.5470821291128135,+0000.0755783408672093
+0000.3677419660739867,+0000.5561489138435001,+0000.0761091200825131
+0000.3581936347452714,+0000.5651715171134137,+0000.0766348481413148
+0000.3486984507458786,+0000.5741461494332706,+0000.0771553998208509
+0000.3392603069862510,+0000.5830690421792597,+0000.0776706508344892
+0000.3298830729789692,+0000.5919364491473786,+0000.0781804778736521
+0000.3205705932522224,+0000.6007446480983263,+0000.0786847586494512
+0000.3113266857733955,+0000.6094899422925667,+0000.0791833719340378
+0000.3021551403836178,+0000.6181686620147454,+0000.0796761976016366
+0000.2930597172438475,+0000.6267771660868995,+0000.0801631166692531
+0000.2840441452930654,+0000.6353118433698914,+0000.0806440113370430
+0000.2751121207193922,+0000.6437691142522945,+0000.0811187650283131
+0000.2662673054445770,+0000.6521454321262654,+0000.0815872624291576
+0000.2575133256224551,+0000.6604372848498428,+0000.0820493895277020
+0000.2488537701522148,+0000.6686411961948423,+0000.0825050336529426
+0000.2402921892069207,+0000.6767537272799187,+0000.0829540835131604
+0000.2318320927777714,+0000.6847714779883141,+0000.0833964292339144
+0000.2234769492351128,+0000.6926910883693237,+0000.0838319623955634
+0000.2152301839061986,+0000.7005092400234524,+0000.0842605760703490
+0000.2070951776708261,+0000.7082226574701923,+0000.0846821648589815
+0000.1990752655752537,+0000.7158281094980147,+0000.0850966249267313
+0000.1911737354645723,+0000.7233224104963921,+0000.0855038540390354
+0000.1833938266348926,+0000.7307024217685563,+0000.0859037515965508
+0000.1757387285050455,+0000.7379650528252504,+0000.0862962186697042
+0000.1682115793089758,+0000.7451072626583514,+0000.0866811580326728
+0000.1608154648091212,+0000.7521260609940735,+0000.0870584741968053
+0000.1535534170310996,+0000.7590185095254147,+0000.0874280734434856
+0000.1464284130207498,+0000.7657817231228679,+0000.0877898638563823
+0000.1394433736234080,+0000.7724128710234669,+0000.0881437553531249
+0000.1326011622864396,+0000.7789091779972098,+0000.0884896597163504
+0000.1259045838853032,+0000.7852679254905726,+0000.0888274906241243
+0000.1193563835734445,+0000.7914864527468114,+0000.0891571636797440
+0000.1129592456569672,+0000.7975621579021656,+0000.0894785964408671
+0000.1067157924939758,+0000.8034924990580178,+0000.0897917084480064
+0000.1006285834195109,+0000.8092749953281518,+0000.0900964212523371
+0000.0947001136963121,+0000.8149072278608652,+0000.0903926584428225
+0000.0889328134917319,+0000.8203868408356036,+0000.0906803456726644
+0000.0833290468815114,+0000.8257115424334622,+0000.0909594106850262
+0000.0778911108804962,+0000.8308791057814359,+0000.0912297833380678
+0000.0726212345009757,+0000.8358873698697827,+0000.0914913956292415
+0000.0675215778389095,+0000.8407342404422328,+0000.0917441817188576
+0000.0625942311882710,+0000.8454176908588066,+0000.0919880779529224
+0000.0578412141842314,+0000.8499357629305635,+0000.0922230228852050
+0000.0532644749750954,+0000.8542865677263365,+0000.0924489572985680
+0000.0488658894237689,+0000.8584682863507223,+0000.0926658242255086
+0000.0446472603386724,+0000.8624791706933824,+0000.0928735689679453
+0000.0406103167347427,+0000.8663175441490487,+0000.0930721391162086
+0000.0367567131246880,+0000.8699818023080718,+0000.0932614845672403
+0000.0330880288406845,+0000.8734704136173057,+0000.0934415575420098
+0000.0296057673870658,+0000.8767819200108282,+0000.0936123126021058
+0000.0263113558239448,+0000.8799149375105186,+0000.0937737066655364
+0000.0232061441823107,+0000.8828681567959888,+0000.0939256990217003
+0000.0202914049106591,+0000.8856403437438067,+0000.0940682513455341
+0000.0175683323533986,+0000.8882303399357571,+0000.0942013277108443
+0000.0150380422613877,+0000.8906370631358247,+0000.0943248946027875
+0000.0127015713345836,+0000.8928595077358874,+0000.0944389209295291
+0000.0105598767971886,+0000.8948967451697630,+0000.0945433780330482
+0000.0086138360053760,+0000.8967479242955293,+0000.0946382396990947
+0000.0068642460877106,+0000.8984122717459828,+0000.0947234821663065
+0000.0053118236185527,+0000.8998890922469924,+0000.0947990841344551
+0000.0039572043244141,+0000.9011777689037359,+0000.0948650267718499
+0000.0028009428235195,+0000.9022777634546100,+0000.0949212937218704
+0000.0018435123986177,+0000.9031886164927470,+0000.0949678711086354
+0000.0010853048031156,+0000.9039099476550683,+0000.0950047475418161
+0000.0005266301006875,+0000.9044414557787449,+0000.0950319141205675
+0000.0001677165383435,+0000.9047829190250525,+0000.0950493644366041
+0000.0000087104530724,+0000.9049341949705307,+0000.0950570945763967
+0000.0000496762120619,+0000.9048952206654401,+0000.0950551031224980
+0000.0002905961865309,+0000.9046660126594650,+0000.0950433911540039
+0000.0007313707591830,+0000.9042466669946834,+0000.0950219622461336
+0000.0013718183652868,+0000.9036373591657675,+0000.0949908224689456
+0000.0022116755673533,+0000.9028383440474692,+0000.0949499803851775
+0000.0032505971633758,+0000.9018499557894084,+0000.0948994470472158
+0000.0044881563286248,+0000.9006726076781730,+0000.0948392359932020
+0000.0059238447908700,+0000.8993067919668676,+0000.0947693632422624
+0000.0075570730390510,+0000.8977530796720682,+0000.0946898472888808
+0000.0093871705651994,+0000.8960121203384007,+0000.0946007090963998
+0000.0114133861396354,+0000.8940846417706964,+0000.0945019720896684
+0000.0136348881192221,+0000.8919714497339515,+0000.0943936621468263
+0000.0160507647885826,+0000.8896734276211831,+0000.0942758075902344
+0000.0186600247342192,+0000.8871915360892244,+0000.0941484391765564
+0000.0214615972511944,+0000.8845268126628147,+0000.0940115900859910
+0000.0244543327824647,+0000.8816803713068748,+0000.0938652959106605
+0000.0276370033904408,+0000.8786534019673967,+0000.0937095946421624
+0000.0310083032606951,+0000.8754471700810195,+0000.0935445266582855
+0000.0345668492376898,+0000.8720630160534097,+0000.0933701347089006
+0000.0383111813920785,+0000.8685023547068982,+0000.0931864639010235
+0000.0422397636196305,+0000.8647666746973033,+0000.0929935616830664
+0000.0463509842712938,+0000.8608575379004322,+0000.0927914778282742
+0000.0506431568142236,+0000.8567765787684186,+0000.0925802644173577
+0000.0551145205236330,+0000.8525255036560360,+0000.0923599758203309
+0000.0597632412048875,+0000.8481060901175578,+0000.0921306686775547
+0000.0645874119459051,+0000.8435201861740937,+0000.0918924018800012
+0000.0695850538992504,+0000.8387697095520099,+0000.0916452365487397
+0000.0747541170937149,+0000.8338566468926278,+0000.0913892360136571
+0000.0800924812752025,+0000.8287830529333781,+0000.0911244657914195
+0000.0855979567762167,+0000.8235510496611002,+0000.0908509935626832
+0000.0912682854140275,+0000.8181628254374080,+0000.0905688891485642
+0000.0971011414167841,+0000.8126206340968396,+0000.0902782244863765
+0000.1030941323773319,+0000.8069267940180211,+0000.0899790736046471
+0000.1092448002345156,+0000.8010836871680656,+0000.0896715125974187
+0000.1155506222811619,+0000.7950937581209887,+0000.0893556195978493
+0000.1220090121987737,+0000.7889595130501038,+0000.0890314747511226
+0000.1286173211182276,+0000.7826835186951031,+0000.0886991601866694
+0000.1353728387060188,+0000.7762684013042546,+0000.0883587599897265
+0000.1422727942759386,+0000.7697168455518306,+0000.0880103601722308
+0000.1493143579252057,+0000.7630315934317266,+0000.0876540486430678
+0000.1564946416951812,+0000.7562154431271380,+0000.0872899151776809
+0000.1638107007555745,+0000.7492712478573658,+0000.0869180513870597
+0000.1712595346122616,+0000.7422019147016272,+0000.0865385506861111
+0000.1788380883377271,+0000.7350104034008387,+0000.0861515082614342
+0000.1865432538238284,+0000.7276997251376658,+0000.0857570210385059
+0000.1943718710565184,+0000.7202729412951884,+0000.0853551876482934
+0000.2023207294116418,+0000.7127331621950572,+0000.0849461083933009
+0000.2103865689716895,+0000.7050835458152385,+0000.0845298852130721
+0000.2185660818626036,+0000.6973272964882403,+0000.0841066216491561
+0000.2268559136102251,+0000.6894676635802210,+0000.0836764228095537
+0000.2352526645160746,+0000.6815079401512730,+0000.0832393953326524
+0000.2437528910513299,+0000.6734514615979965,+0000.0827956473506736
+0000.2523531072691170,+0000.6653016042782472,+0000.0823452884526356
+0000.2610497862339602,+0000.6570617841191845,+0000.0818884296468552
+0000.2698393614680302,+0000.6487354552089695,+0000.0814251833230005
+0000.2787182284138424,+0000.6403261083724543,+0000.0809556632137034
+0000.2876827459122043,+0000.6318372697320369,+0000.0804799843557589
+0000.2967292376955306,+0000.6232724992535561,+0000.0799982630509133
+0000.3058539938953059,+0000.6146353892784279,+0000.0795106168262662
+0000.3150532725633164,+0000.6059295630423848,+0000.0790171643942990
+0000.3243233012062858,+0000.5971586731811748,+0000.0785180256125396
+0000.3336602783326487,+0000.5883264002244594,+0000.0780133214428921
+0000.3430603750115937,+0000.5794364510777761,+0000.0775031739106302
+0000.3525197364430971,+0000.5704925574938166,+0000.0769877060630866
+0000.3620344835385553,+0000.5614984745333986,+0000.0764670419280461
+0000.3716007145116351,+0000.5524579790165109,+0000.0759413064718540
+0000.3812145064780325,+0000.5433748679646965,+0000.0754106255572710
+0000.3908719170642843,+0000.5342529570346439,+0000.0748751259010719
+0000.4005689860242346,+0000.5250960789443397,+0000.0743349350314256
+0000.4103017368629616,+0000.5159080818919878,+0000.0737901812450506
+0000.4200661784674894,+0000.5066928279683315,+0000.0732409935641791
+0000.4298583067431581,+0000.4974541915634969,+0000.0726875016933452
+0000.4396741062557248,+0000.4881960577682753,+0000.0721298359759997
+0000.4495095518776809,+0000.4789223207713288,+0000.0715681273509903
+0000.4593606104389400,+0000.4696368822521593,+0000.0710025073089010
+0000.4692232423805643,+0000.4603436497711511,+0000.0704331078482847
+0000.4790934034110347,+0000.4510465351571586,+0000.0698600614318068
+0000.4889670461648645,+0000.4417494528928455,+0000.0692835009422900
+0000.4988401218619253,+0000.4324563184993545,+0000.0687035596387204
+0000.5087085819678188,+0000.4231710469199899,+0000.0681203711121916
+0000.5185683798538619,+0000.4138975509043081,+0000.0675340692418301
+0000.5284154724562820,+0000.4046397393930091,+0000.0669447881507091
+0000.5382458219342150,+0000.3954015159040236,+0000.0663526621617616
+0000.5480553973251523,+0000.3861867769211205,+0000.0657578257537276
+0000.5578401761979646,+0000.3769994102849060,+0000.0651604135171298
+0000.5675961463021529,+0000.3678432935875328,+0000.0645605601103146
+0000.5773193072129199,+0000.3587222925715139,+0000.0639584002155661
+0000.5870056719716538,+0000.3496402595330421,+0000.0633540684953042
+0000.5966512687204820,+0000.3406010317311169,+0000.0627476995484011
+0000.6062521423310305,+0000.3316084298023591,+0000.0621394278666107
+0000.6158043560260467,+0000.3226662561828068,+0000.0615293877911466
+0000.6253039929934983,+0000.3137782935370831,+0000.0609177134694187
+0000.6347471579927364,+0000.3049483031953292,+0000.0603045388119345
+0000.6441299789514189,+0000.2961800235991765,+0000.0596899974494047
+0000.6534486085533168,+0000.2874771687566408,+0000.0590742226900426
+0000.6626992258157036,+0000.2788434267072014,+0000.0584573474770952
+0000.6718780376559461,+0000.2702824579974398,+0000.0578395043466142
+0000.6809812804468969,+0000.2617978941676292,+0000.0572208253854742
+0000.6900052215598300,+0000.2533933362504956,+0000.0566014421896747
+0000.6989461608950450,+0000.2450723532820395,+0000.0559814858229154
+0000.7078004323988150,+0000.2368384808256943,+0000.0553610867754911
+0000.7165644055664977,+0000.2286952195100129,+0000.0547403749234895
+0000.7252344869311811,+0000.2206460335804881,+0000.0541194794883308
+0000.7338071215368354,+0000.2126943494665043,+0000.0534985289966605
+0000.7422787943960141,+0000.2048435543633890,+0000.0528776512405969
+0000.7506460319309253,+0000.1970969948307088,+0000.0522569732383661
+0000.7589054033975311,+0000.1894579754071397,+0000.0516366211953294
+0000.7670535222922447,+0000.1819297572423356,+0000.0510167204654197
+0000.7750870477402647,+0000.1745155567467362,+0000.0503973955129990
+0000.7830026858654282,+0000.1672185442594174,+0000.0497787698751547
+0000.7907971911404965,+0000.1600418427350498,+0000.0491609661244538
+0000.7984673677179255,+0000.1529885264499218,+0000.0485441058321528
+0000.8060100707400406,+0000.1460616197280650,+0000.0479283095318946
+0000.8134222076283060,+0000.1392640956877959,+0000.0473136966838984
+0000.8207007393513516,+0000.1325988750089994,+0000.0467003856396491
+0000.8278426816707406,+0000.1260688247221429,+0000.0460884936071166
+0000.8348451063645571,+0000.1196767570189462,+0000.0454781366164967
+0000.8417051424278245,+0000.1134254280856706,+0000.0448694294865049
+0000.8484199772494645,+0000.1073175369593095,+0000.0442624857912263
+0000.8549868577654853,+0000.1013557244069854,+0000.0436574178275292
+0000.8614030915874826,+0000.0955425718294471,+0000.0430543365830704
+0000.8676660481065159,+0000.0898806001886016,+0000.0424533517048829
+0000.8737731595714758,+0000.0843722689599484,+0000.0418545714685758
+0000.8797219221416797,+0000.0790199751101706,+0000.0412581027481498
+0000.8855098969134109,+0000.0738260521001567,+0000.0406640509864327
+0000.8911347109195937,+0000.0687927689142442,+0000.0400725201661622
+0000.8965940581026595,+0000.0639223291156333,+0000.0394836127817072
+0000.9018857002598155,+0000.0592168699287312,+0000.0388974298114535
+0000.9070074679604953,+0000.0546784613486482,+0000.0383140706908567
+0000.9119572614357426,+0000.0503091052780904,+0000.0377336332861673
+0000.9167330514388210,+0000.0461107346923282,+0000.0371562138688509
+0000.9213328800771042,+0000.0420852128322002,+0000.0365819070906958
+0000.9257548616145754,+0000.0382343324257957,+0000.0360108059596289
+0000.9299971832447154,+0000.0345598149390328,+0000.0354430018162521
+0000.9340581058336547,+0000.0310633098552657,+0000.0348785843110798
+0000.9379359646328870,+0000.0277463939845856,+0000.0343176413825275
+0000.9416291699616732,+0000.0246105708027067,+0000.0337602592356204
+0000.9451362078585200,+0000.0216572698200209,+0000.0332065223214591
+0000.9484556407016772,+0000.0188878459809006,+0000.0326565133174223
+0000.9515861077983503,+0000.0163035790935151,+0000.0321103131081349
+0000.9545263259422732,+0000.0139056732905269,+0000.0315680007672000
+0000.9572750899396265,+0000.0116952565206785,+0000.0310296535396951
+0000.9598312731028438,+0000.0096733800717078,+0000.0304953468254487
+0000.9621938277123308,+0000.0078410181245767,+0000.0299651541630925
+0000.9643617854457331,+0000.0061990673393646,+0000.0294391472149024
+0000.9663342577746524,+0000.0047483464729189,+0000.0289173957524289
+0000.9681104363286891,+0000.0034895960283913,+0000.0283999676429198
+0000.9696895932265468,+0000.0024234779369088,+0000.0278869288365447
+0000.9710710813741923,+0000.0015505752713897,+0000.0273783433544180
+0000.9722543347298482,+0000.0008713919927219,+0000.0268742732774301
+0000.9732388685357545,+0000.0003863527283586,+0000.0263747787358871
+0000.9740242795166217,+0000.0000958025834198,+0000.0258799178999587
+0000.9746102460446414,+0000.0000000069844147,+0000.0253897469709441
+0000.9749965282710386,+0000.0000991515556120,+0000.0249043201733496
+0000.9751829682240761,+0000.0003933420281381,+0000.0244236897477859
+0000.9751694898734955,+0000.0008826041818208,+0000.0239479059446839
+0000.9749560991613461,+0000.0015668838198259,+0000.0234770170188283
+0000.9745428839992172,+0000.0024460467760684,+0000.0230110692247145
+0000.9739300142318394,+0000.0035198789554371,+0000.0225501068127235
+0000.9731177415671005,+0000.0047880864067800,+0000.0220941720261198
+0000.9721063994725054,+0000.0062502954286268,+0000.0216433050988679
+0000.9708964030380737,+0000.0079060527076562,+0000.0211975442542699
+0000.9694882488058247,+0000.0097548254897545,+0000.0207569257044211
+0000.9678825145657983,+0000.0117960017837183,+0000.0203214836504836
+0000.9660798591188104,+0000.0140288905974150,+0000.0198912502837749
+0000.9640810220059904,+0000.0164527222063398,+0000.0194662557876699
+0000.9618868232051624,+0000.0190666484545170,+0000.0190465283403206
+0000.9594981627943180,+0000.0218697430875132,+0000.0186320941181689
+0000.9569160205821743,+0000.0248610021175387,+0000.0182229773002874
+0000.9541414557060746,+0000.0280393442204248,+0000.0178192000735008
+0000.9511756061974013,+0000.0314036111642784,+0000.0174207826383205
+0000.9480196885145288,+0000.0349525682698013,+0000.0170277432156701
+0000.9446749970437681,+0000.0386849049018338,+0000.0166400980543984
+0000.9411429035681979,+0000.0425992349922193,+0000.0162578614395830
+0000.9374248567049305,+0000.0466940975934592,+0000.0158810457016105
+0000.9335223813107099,+0000.0509679574632542,+0000.0155096612260360
+0000.9294370778563603,+0000.0554192056794293,+0000.0151437164642105
+0000.9251706217702391,+0000.0600461602850888,+0000.0147832179446720
+0000.9207247627508289,+0000.0648470669638730,+0000.0144281702852981
+0000.9161013240490695,+0000.0698200997447262,+0000.0140785762062044
+0000.9113022017203367,+0000.0749633617362694,+0000.0137344365433938
+0000.9063293638467029,+0000.0802748858901582,+0000.0133957502631393
+0000.9011848497296726,+0000.0857526357932313,+0000.0130625144770961
+0000.8958707690535701,+0000.0913945064882887,+0000.0127347244581412
+0000.8903893010202943,+0000.0971983253227851,+0000.0124123736569207
+0000.8847426934553400,+0000.1031618528255502,+0000.0120954537191097
+0000.8789332618858428,+0000.1092827836107924,+0000.0117839545033650
+0000.8729633885908699,+0000.1155587473091633,+0000.0114778640999668
+0000.8668355216241725,+0000.1219873095256830,+0000.0111771688501448
+0000.8605521738102316,+0000.1285659728237027,+0000.0108818533660658
+0000.8541159217134849,+0000.1352921777350241,+0000.0105919005514912
+0000.8475294045815961,+0000.1421633037953255,+0000.0103072916230785
+0000.8407953232630386,+0000.1491766706046391,+0000.0100280061323224
+0000.8339164390992211,+0000.1563295389126456,+0000.0097540219881333
+0000.8268955727921148,+0000.1636191117278613,+0000.0094853154800239
+0000.8197356032472415,+0000.1710425354508444,+0000.0092218613019141
+0000.8124394663930131,+0000.1785969010304609,+0000.0089636325765260
+0000.8050101539766348,+0000.1862792451429990,+0000.0087106008803664
+0000.7974507123370626,+0000.1940865513936562,+0000.0084627362692811
+0000.7897642411557253,+0000.2020157515396932,+0000.0082200073045815
+0000.7819538921851852,+0000.2100637267351150,+0000.0079823810796999
+0000.7740228679565360,+0000.2182273087960635,+0000.0077498232474004
+0000.7659744204661624,+0000.2265032814863304,+0000.0075222980475074
+0000.7578118498419111,+0000.2348883818229358,+0000.0072997683351529
+0000.7495385029896932,+0000.2433793014008040,+0000.0070821956095028
+0000.7411577722210529,+0000.2519726877359489,+0000.0068695400429981
+0000.7326730938617498,+0000.2606651456272119,+0000.0066617605110386
+0000.7240879468427108,+0000.2694532385351336,+0000.0064588146221555
+0000.7154058512731878,+0000.2783334899782152,+0000.0062606587485971
+0000.7066303669972375,+0000.2873023849453875,+0000.0060672480573751
+0000.6977650921340065,+0000.2963563713242914,+0000.0058785365417021
+0000.6888136616018817,+0000.3054918613452621,+0000.0056944770528563
+0000.6797797456280589,+0000.3147052330395264,+0000.0055150213324148
+0000.6706670482433844,+0000.3239928317117456,+0000.0053401200448699
+0000.6614793057633412,+0000.3333509714260537,+0000.0051697228106052
+0000.6522202852560423,+0000.3427759365047547,+0000.0050037782392029
+0000.6428937829972188,+0000.3522639830396702,+0000.0048422339631111
+0000.6335036229135149,+0000.3618113404149006,+0000.0046850366715846
+0000.6240536550144413,+0000.3714142128406036,+0000.0045321321449550
+0000.6145477538135098,+0000.3810687808973158,+0000.0043834652891744
+0000.6049898167396294,+0000.3907712030897525,+0000.0042389801706179
+0000.5953837625385650,+0000.4005176174102738,+0000.0040986200511612
+0000.5857335296662085,+0000.4103041429103196,+0000.0039623274234720
+0000.5760430746735037,+0000.4201268812799611,+0000.0038300440465352
+0000.5663163705839581,+0000.4299819184346599,+0000.0037017109813818
+0000.5565574052646864,+0000.4398653261083166,+0000.0035772686269970
+0000.5467701797908142,+0000.4497731634527616,+0000.0034566567564240
+0000.5369587068050372,+0000.4597014786419596,+0000.0033398145530031
+0000.5271270088721618,+0000.4696463104810756,+0000.0032266806467626
+0000.5172791168295845,+0000.4796036900194791,+0000.0031171931509362
+0000.5074190681346730,+0000.4895696421667501,+0000.0030112896985769
+0000.4975509052088708,+0000.4995401873118412,+0000.0029089074792877
+0000.4876786737803439,+0000.5095113429436504,+0000.0028099832760057
+0000.4778064212249933,+0000.5194791252731483,+0000.0027144535018584
+0000.4679381949068022,+0000.5294395508561340,+0000.0026222542370637
+0000.4580780405184788,+0000.5393886382156751,+0000.0025333212658460
+0000.4482300004222251,+0000.5493224094643856,+0000.0024475901133892
+0000.4383981119924474,+0000.5592368919247930,+0000.0023649960827596
+0000.4285864059602355,+0000.5691281197479435,+0000.0022854742918208
+0000.4187989047605756,+0000.5789921355293127,+0000.0022089597101115
+0000.4090396208832524,+0000.5888249919210904,+0000.0021353871956572
+0000.3993125552272785,+0000.5986227532409828,+0000.0020646915317386
+0000.3896216954606431,+0000.6083814970758081,+0000.0019968074635486
+0000.3799710143852158,+0000.6180973158800238,+0000.0019316697347602
+0000.3703644683077539,+0000.6277663185682684,+0000.0018692131239776
+0000.3608059954179569,+0000.6373846321010036,+0000.0018093724810394
+0000.3512995141733823,+0000.6469484030634185,+0000.0017520827631989
+0000.3418489216931421,+0000.6564537992357384,+0000.0016972790711195
+0000.3324580921598171,+0000.6658970111554968,+0000.0016448966846860
+0000.3231308752310528,+0000.6752742536703105,+0000.0015948710986368
+0000.3138710944613494,+0000.6845817674806906,+0000.0015471380579599
+0000.3046825457340624,+0000.6938158206728443,+0000.0015016335930933
+0000.2955689957052854,+0000.7029727102398622,+0000.0014582940548523
+0000.2865341802594628,+0000.7120487635914232,+0000.0014170561491137
+0000.2775818029776283,+0000.7210403400511457,+0000.0013778569712259
+0000.2687155336191518,+0000.7299438323407312,+0000.0013406340401169
+0000.2599390066168537,+0000.7387556680510183,+0000.0013053253321278
+0000.2512558195871225,+0000.7474723110983785,+0000.0012718693144989
+0000.2426695318548328,+0000.7560902631666255,+0000.0012402049785416
+0000.2341836629942644,+0000.7646060651332908,+0000.0012102718724446
+0000.2258016913858445,+0000.7730162984804061,+0000.0011820101337495
+0000.2175270527902746,+0000.7813175866883046,+0000.0011553605214205
+0000.2093631389398976,+0000.7895065966125623,+0000.0011302644475404
+0000.2013132961481281,+0000.7975800398432692,+0000.0011066640086028
+0000.1933808239377428,+0000.8055346740458839,+0000.0010845020163731
+0000.1855689736879077,+0000.8133673042837424,+0000.0010637220283497
+0000.1778809473014105,+0000.8210747843208380,+0000.0010442683777512
+0000.1703198958919586,+0000.8286540179049783,+0000.0010260862030628
