+0000.0000000000000000,+0000.0000000000000000,+0000.0000000000000000,+0000.9999999999999993
+0000.0000000025004585,+0000.0000000000000277,+0000.0000000000000001,+0000.9999999974995131
+0000.0000000399993585,+0000.0000000000017525,+0000.0000000000000158,+0000.9999999599988726
+0000.0000002024297368,+0000.0000000000196690,+0000.0000000000003516,+0000.9999997975502418
+0000.0000006394828848,+0000.0000000001088408,+0000.0000000000028905,+0000.9999993604053832
+0000.0000015603155327,+0000.0000000004099144,+0000.0000000000135763,+0000.9999984392609760
+0000.0000032331415206,+0000.0000000012130893,+0000.0000000000446014,+0000.9999967656007880
+0000.0000059847064257,+0000.0000000030425339,+0000.0000000001155013,+0000.9999940121355384
+0000.0000101996459452,+0000.0000000067580980,+0000.0000000002559014,+0000.9999897933400549
+0000.0000163197331670,+0000.0000000136685858,+0000.0000000005135542,+0000.9999836660846924
+0000.0000248430207038,+0000.0000000256566804,+0000.0000000009654731,+0000.9999751303571420
+0000.0000363228789727,+0000.0000000453242914,+0000.0000000017235543,+0000.9999636300731807
+0000.0000513669269921,+0000.0000000761649768,+0000.0000000029301695,+0000.9999485539778611
+0000.0000706358541419,+0000.0000001227544334,+0000.0000000047535188,+0000.9999292366379048
+0000.0000948421402063,+0000.0000001909385821,+0000.0000000073998926,+0000.9999049595213182
+0000.0001247486874102,+0000.0000002880110972,+0000.0000000111452223,+0000.9998749521562695
+0000.0001611673734452,+0000.0000004229010590,+0000.0000000163622865,+0000.9998383933632083
+0000.0002049575219077,+0000.0000006064022227,+0000.0000000235150783,+0000.9997944125607904
+0000.0002570242800066,+0000.0000008514453739,+0000.0000000331243523,+0000.9997420911502664
+0000.0003183169026515,+0000.0000011733694796,+0000.0000000457491198,+0000.9996804639787483
+0000.0003898269599624,+0000.0000015901415615,+0000.0000000620262273,+0000.9996085208722483
+0000.0004725864927433,+0000.0000021225311632,+0000.0000000827514956,+0000.9995252082245971
+0000.0005676661267030,+0000.0000027943110061,+0000.0000001089275800,+0000.9994294306347102
+0000.0006761731330045,+0000.0000036325498634,+0000.0000001417203052,+0000.9993200525968260
+0000.0007992494151067,+0000.0000046679719672,+0000.0000001823596477,+0000.9991959002532772
+0000.0009380694216046,+0000.0000059352684524,+0000.0000002320999875,+0000.9990557632099547
+0000.0010938380145909,+0000.0000074732706598,+0000.0000002923157613,+0000.9988983963989871
+0000.0012677883313259,+0000.0000093250332535,+0000.0000003646677196,+0000.9987225219677002
+0000.0014611796509885,+0000.0000115379895825,+0000.0000004511741284,+0000.9985268311852998
+0000.0016752952414534,+0000.0000141642896821,+0000.0000005540909314,+0000.9983099863779324
+0000.0019114401523901,+0000.0000172612349655,+0000.0000006757041266,+0000.9980706229085176
+0000.0021709389541847,+0000.0000208915812200,+0000.0000008182628178,+0000.9978073512017770
+0000.0024551334669902,+0000.0000251235714597,+0000.0000009841699679,+0000.9975187587915814
+0000.0027653805334731,+0000.0000300308274369,+0000.0000011762776105,+0000.9972034123614790
+0000.0031030498477796,+0000.0000356924010040,+0000.0000013979821386,+0000.9968598597690770
+0000.0034695217995901,+0000.0000421931473870,+0000.0000016529802857,+0000.9964866320727365
+0000.0038661852818779,+0000.0000496242310042,+0000.0000019449012186,+0000.9960822455858984
+0000.0042944354602268,+0000.0000580833707447,+0000.0000022772084742,+0000.9956452039605537
+0000.0047556715645909,+0000.0000676746325885,+0000.0000026535340265,+0000.9951740002687937
+0000.0052512947755369,+0000.0000785080272942,+0000.0000030781532404,+0000.9946671190439278
+0000.0057827062186181,+0000.0000906994072473,+0000.0000035561031621,+0000.9941230382709718
+0000.0063513050067876,+0000.0001043708805618,+0000.0000040927583566,+0000.9935402313542934
+0000.0069584862577166,+0000.0001196513979664,+0000.0000046932455235,+0000.9929171690987926
+0000.0076056390802126,+0000.0001366768986173,+0000.0000053623128769,+0000.9922523217082924
+0000.0082941446085073,+0000.0001555897666126,+0000.0000061048634890,+0000.9915441607613902
+0000.0090253741777351,+0000.0001765380405235,+0000.0000069266661496,+0000.9907911611155910
+0000.0098006876564876,+0000.0001996751212647,+0000.0000078344940247,+0000.9899918027282223
+0000.0106214318551861,+0000.0002251602537059,+0000.0000088354586665,+0000.9891445724324407
+0000.0114889389114481,+0000.0002531592240996,+0000.0000099361466707,+0000.9882479657177813
+0000.0124045246404946,+0000.0002838443793421,+0000.0000111424577414,+0000.9873004885224215
+0000.0133694869480651,+0000.0003173936642865,+0000.0000124603992022,+0000.9863006589884453
+0000.0143851044233859,+0000.0003539893651565,+0000.0000138970925643,+0000.9852470091188925
+0000.0154526351321540,+0000.0003938176160673,+0000.0000154609287895,+0000.9841380863229885
+0000.0165733155057651,+0000.0004370689995980,+0000.0000171605955076,+0000.9829724548991287
+0000.0177483591986242,+0000.0004839394071929,+0000.0000190038741822,+0000.9817486975199999
+0000.0189789558925364,+0000.0005346299247076,+0000.0000209974507096,+0000.9804654167320459
+0000.0202662701647008,+0000.0005893453870760,+0000.0000231480367568,+0000.9791212364114656
+0000.0216114405640625,+0000.0006482926001688,+0000.0000254637336196,+0000.9777148031021485
+0000.0230155789227098,+0000.0007116796590092,+0000.0000279541997091,+0000.9762447872185711
+0000.0244797697756185,+0000.0007797167443352,+0000.0000306293052917,+0000.9747098841747542
+0000.0260050697279917,+0000.0008526172220592,+0000.0000334975297044,+0000.9731088155202441
+0000.0275925067369549,+0000.0009305974104987,+0000.0000365657505502,+0000.9714403301019956
+0000.0292430794430707,+0000.0010138746127248,+0000.0000398407588554,+0000.9697032051853486
+0000.0309577567266184,+0000.0011026647870452,+0000.0000433310416242,+0000.9678962474447116
+0000.0327374775254409,+0000.0011971817154176,+0000.0000470469571505,+0000.9660182938019903
+0000.0345831507653545,+0000.0012976380961441,+0000.0000509989534414,+0000.9640682121850593
+0000.0364956552069827,+0000.0014042469797203,+0000.0000551955080220,+0000.9620449023052744
+0000.0384758391602212,+0000.0015172214553207,+0000.0000596429033056,+0000.9599472964811520
+0000.0405245202199838,+0000.0016367721458916,+0000.0000643472012314,+0000.9577743604328928
+0000.0426424852313697,+0000.0017631043227730,+0000.0000693165037859,+0000.9555250939420707
+0000.0448304905352750,+0000.0018964169848593,+0000.0000745611323687,+0000.9531985313474963
+0000.0470892623245893,+0000.0020369043649071,+0000.0000800913503906,+0000.9507937419601125
+0000.0494194968774848,+0000.0021847578148653,+0000.0000859147928672,+0000.9483098305147821
+0000.0518218605997112,+0000.0023401654679265,+0000.0000920362360624,+0000.9457459376962993
+0000.0542969900466579,+0000.0025033092039750,+0000.0000984600931565,+0000.9431012406562101
+0000.0568454921692161,+0000.0026743612256262,+0000.0001051932079568,+0000.9403749533972006
+0000.0594679448533203,+0000.0028534831241208,+0000.0001122450358469,+0000.9375663269867114
+0000.0621648975650842,+0000.0030408279253913,+0000.0001196248177042,+0000.9346746496918198
+0000.0649368718290375,+0000.0032365425455545,+0000.0001273384524856,+0000.9316992471729219
+0000.0677843614484821,+0000.0034407674975469,+0000.0001353882685316,+0000.9286394827854387
+0000.0707078326539726,+0000.0036536333521335,+0000.0001437760949132,+0000.9254947578989802
+0000.0737077244623967,+0000.0038752568080743,+0000.0001525066377150,+0000.9222645120918131
+0000.0767844493403402,+0000.0041057398270380,+0000.0001615876620960,+0000.9189482231705253
+0000.0799383939689888,+0000.0043451723434153,+0000.0001710265734190,+0000.9155454071141762
+0000.0831699197980311,+0000.0045936354082212,+0000.0001808266930507,+0000.9120556181006964
+0000.0864793632709691,+0000.0048512010141187,+0000.0001909870366028,+0000.9084784486783088
+0000.0898670359205805,+0000.0051179280878750,+0000.0002015060060230,+0000.9048135299855209
+0000.0933332246575893,+0000.0053938580945496,+0000.0002123853904158,+0000.9010605318574447
+0000.0968781923752212,+0000.0056790143193448,+0000.0002236305514429,+0000.8972191627539906
+0000.1005021786565050,+0000.0059734053511231,+0000.0002352463781226,+0000.8932891696142486
+0000.1042054002313352,+0000.0062770290197319,+0000.0002472329337741,+0000.8892703378151582
+0000.1079880510352889,+0000.0065898724092370,+0000.0002595852428873,+0000.8851624913125860
+0000.1118503020785609,+0000.0069119074205298,+0000.0002722976369995,+0000.8809654928639091
+0000.1157923014899817,+0000.0072430859475665,+0000.0002853684132976,+0000.8766792441491537
+0000.1198141748933781,+0000.0075833393687537,+0000.0002988000289897,+0000.8723036857088777
+0000.1239160258972658,+0000.0079325828884412,+0000.0003125944083121,+0000.8678387968059801
+0000.1280979363048999,+0000.0082907203490603,+0000.0003267479366338,+0000.8632845954094051
+0000.1323599658621641,+0000.0086576444900027,+0000.0003412512526201,+0000.8586411383952124
+0000.1367021517574913,+0000.0090332321142075,+0000.0003560942668311,+0000.8539085218614695
+0000.1411245082816001,+0000.0094173388640528,+0000.0003712715016750,+0000.8490868813526714
+0000.1456270268438012,+0000.0098097989595438,+0000.0003867823044770,+0000.8441763918921772
+0000.1502096761254433,+0000.0102104304462723,+0000.0004026254984954,+0000.8391772679297884
+0000.1548724019382536,+0000.0106190409314426,+0000.0004187937084020,+0000.8340897634219012
+0000.1596151265663827,+0000.0110354281264981,+0000.0004352731480701,+0000.8289141721590485
+0000.1644377478080166,+0000.0114593746403692,+0000.0004520493151197,+0000.8236508282364938
+0000.1693401381666169,+0000.0118906423651703,+0000.0004691130255538,+0000.8183001064426583
+0000.1743221444333452,+0000.0123289724653942,+0000.0004864606600190,+0000.8128624224412407
+0000.1793835874459457,+0000.0127740915376344,+0000.0005040881647373,+0000.8073382328516817
+0000.1845242615541310,+0000.0132257182813718,+0000.0005219847006726,+0000.8017280354638238
+0000.1897439335273527,+0000.0136835643396830,+0000.0005401324098646,+0000.7960323697230989
+0000.1950423411175024,+0000.0141473287266825,+0000.0005585127723884,+0000.7902518173834260
+0000.2004191917678439,+0000.0146166918113751,+0000.0005771133386329,+0000.7843870030821473
+0000.2058741617587059,+0000.0150913155244701,+0000.0005959280286462,+0000.7784385946881771
+0000.2114068955858847,+0000.0155708503882157,+0000.0006149505034838,+0000.7724073035224150
+0000.2170170050654160,+0000.0160549430922974,+0000.0006341671381885,+0000.7662938847040972
+0000.2227040678540898,+0000.0165432376219852,+0000.0006535567414329,+0000.7600991377824914
+0000.2284676255888659,+0000.0170353693112095,+0000.0006730975441838,+0000.7538239075557400
+0000.2343071821760028,+0000.0175309583900482,+0000.0006927746224955,+0000.7474690848114527
+0000.2402222025729260,+0000.0180296103374608,+0000.0007125802757884,+0000.7410356068138240
+0000.2462121118752750,+0000.0185309236931393,+0000.0007325068038488,+0000.7345244576277361
+0000.2522762941682645,+0000.0190344984700239,+0000.0007525388111610,+0000.7279366685505497
+0000.2584140907818739,+0000.0195399375366523,+0000.0007726528460982,+0000.7212733188353747
+0000.2646247981369126,+0000.0200468402735242,+0000.0007928249736389,+0000.7145355366159233
+0000.2709076657497951,+0000.0205547956293358,+0000.0008130388721512,+0000.7077244997487171
+0000.2772618947940841,+0000.0210633825130217,+0000.0008332863228524,+0000.7008414363700408
+0000.2836866370535819,+0000.0215721782577892,+0000.0008535594422040,+0000.6938876252464239
+0000.2901809936941130,+0000.0220807677686966,+0000.0008738423320647,+0000.6868643962051247
+0000.2967440134399048,+0000.0225887451090545,+0000.0008941105962044,+0000.6797731308548353
+0000.3033746903193415,+0000.0230957067295416,+0000.0009143394333579,+0000.6726152635177580
+0000.3100719615806840,+0000.0236012439637592,+0000.0009345123831181,+0000.6653922820724378
+0000.3168347062333113,+0000.0241049433252959,+0000.0009546219655079,+0000.6581057284758840
+0000.3236617440765730,+0000.0246063954610136,+0000.0009746614324322,+0000.6507571990299804
+0000.3305518346150271,+0000.0251052049082310,+0000.0009946157845080,+0000.6433483446922329
+0000.3375036753885854,+0000.0256009918268631,+0000.0010144611147124,+0000.6358808716698381
+0000.3445158998540118,+0000.0260933847705720,+0000.0010341731434843,+0000.6283565422319310
+0000.3515870754459706,+0000.0265820125464033,+0000.0010537365817980,+0000.6207771754258271
+0000.3587157023320117,+0000.0270665042651293,+0000.0010731459665210,+0000.6131446474363370
+0000.3659002127564097,+0000.0275464985995795,+0000.0010923970075560,+0000.6054608916364537
+0000.3731389703460553,+0000.0280216540137888,+0000.0011114769980046,+0000.5977278986421505
+0000.3804302688481751,+0000.0284916505849955,+0000.0011303639277258,+0000.5899477166391024
+0000.3877723303999390,+0000.0289561822957083,+0000.0011490353696389,+0000.5821224519347126
+0000.3951633039815127,+0000.0294149481867505,+0000.0011674784224890,+0000.5742542694092471
+0000.4026012646256343,+0000.0298676520040869,+0000.0011856907942017,+0000.5663453925760762
+0000.4100842133164005,+0000.0303140115702512,+0000.0012036718329865,+0000.5583981032803609
+0000.4176100769290494,+0000.0307537693488233,+0000.0012214123626946,+0000.5504147413594317
+0000.4251767076198046,+0000.0311866943140671,+0000.0012388935033316,+0000.5423977045627955
+0000.4327818817237826,+0000.0316125737625706,+0000.0012560958076064,+0000.5343494487060394
+0000.4404232988288302,+0000.0320312037046185,+0000.0012730097419037,+0000.5262724877246466
+0000.4480985816572584,+0000.0324423879585907,+0000.0012896370758412,+0000.5181693933083087
+0000.4558052767305079,+0000.0328459474499794,+0000.0013059816955599,+0000.5100427941239516
+0000.4635408551519709,+0000.0332417309885105,+0000.0013220389007124,+0000.5018953749588055
+0000.4713027128550205,+0000.0336296171675190,+0000.0013377938648686,+0000.4937298761125910
+0000.4790881703264334,+0000.0340095057227852,+0000.0013532309140109,+0000.4855490930367693
+0000.4868944724831912,+0000.0343813071329167,+0000.0013683445017426,+0000.4773558758821486
+0000.4947187893922743,+0000.0347449410326280,+0000.0013831409683486,+0000.4691531286067480
+0000.5025582178549041,+0000.0351003452733687,+0000.0013976292424197,+0000.4609438076293065
+0000.5104097831792246,+0000.0354474868157450,+0000.0014118096398283,+0000.4527309203652011
+0000.5182704404272196,+0000.0357863636736010,+0000.0014256718947414,+0000.4445175240044370
+0000.5261370750922995,+0000.0361169958836769,+0000.0014392044673512,+0000.4363067245566714
+0000.5340065038891681,+0000.0364394143195068,+0000.0014524059682415,+0000.4281016758230823
+0000.5418754764013489,+0000.0367536583252680,+0000.0014652873540459,+0000.4199055779193363
+0000.5497406776587607,+0000.0370597844022830,+0000.0014778626291282,+0000.4117216753098271
+0000.5575987309631675,+0000.0373578771533631,+0000.0014901371901525,+0000.4035532546933156
+0000.5654462001879598,+0000.0376480513245998,+0000.0015021053582280,+0000.3954036431292114
+0000.5732795914502189,+0000.0379304424892323,+0000.0015137596017435,+0000.3872762064588042
+0000.5810953548339717,+0000.0382051951182101,+0000.0015251023648355,+0000.3791743476829820
+0000.5888898869627185,+0000.0384724593736912,+0000.0015361487688494,+0000.3711015048947399
+0000.5966595345482921,+0000.0387323993231339,+0000.0015469174287581,+0000.3630611486998148
+0000.6044005982347155,+0000.0389852039106621,+0000.0015574183894888,+0000.3550567794651325
+0000.6121093359062910,+0000.0392310891889409,+0000.0015676500916556,+0000.3470919248131112
+0000.6197819652957964,+0000.0394702888598469,+0000.0015776083968519,+0000.3391701374475038
+0000.6274146665625018,+0000.0397030416845318,+0000.0015872987760182,+0000.3312949929769471
+0000.6350035856876894,+0000.0399295874158792,+0000.0015967395859659,+0000.3234700873104645
+0000.6425448388726980,+0000.0401501744823791,+0000.0016059531153655,+0000.3156990335295562
+0000.6500345172655946,+0000.0403650710003245,+0000.0016149531608563,+0000.3079854585732236
+0000.6574686911326925,+0000.0405745673238543,+0000.0016237413628615,+0000.3003330001805906
+0000.6648434132462182,+0000.0407789666197191,+0000.0016323159249095,+0000.2927453042091523
+0000.6721547221419207,+0000.0409785717357566,+0000.0016406841190241,+0000.2852260220032976
+0000.6793986461399819,+0000.0411736802907760,+0000.0016488662042758,+0000.2777788073649652
+0000.6865712083756847,+0000.0413645918092086,+0000.0016568868143901,+0000.2704073130007154
+0000.6936684321800876,+0000.0415516188221141,+0000.0016647622228464,+0000.2631151867749508
+0000.7006863458792479,+0000.0417350898915381,+0000.0016724959913602,+0000.2559060682378527
+0000.7076209867171332,+0000.0419153404220366,+0000.0016800872814625,+0000.2487835855793668
+0000.7144684045336638,+0000.0420926991354929,+0000.0016875436354892,+0000.2417513526953532
+0000.7212246661333723,+0000.0422674823703232,+0000.0016948855992376,+0000.2348129658970658
+0000.7278858606536199,+0000.0424400006811460,+0000.0017021385575400,+0000.2279720001076930
+0000.7344481052953924,+0000.0426105701020261,+0000.0017093197380972,+0000.2212320048644833
+0000.7409075504430510,+0000.0427795158174374,+0000.0017164331232139,+0000.2145965006162966
+0000.7472603838118294,+0000.0429471634263709,+0000.0017234772606457,+0000.2080689755011528
+0000.7535028342264365,+0000.0431138251893092,+0000.0017304582799859,+0000.2016528823042674
+0000.7596311760026164,+0000.0432797936135380,+0000.0017373952739331,+0000.1953516351099114
+0000.7656417343059037,+0000.0434453475558007,+0000.0017443126796353,+0000.1891686054586593
+0000.7715308908799503,+0000.0436107637349226,+0000.0017512270709924,+0000.1831071183141336
+0000.7772950891363650,+0000.0437763212231633,+0000.0017581412939714,+0000.1771704483464993
+0000.7829308381785836,+0000.0439422933767769,+0000.0017650516942413,+0000.1713618167503972
+0000.7884347163298824,+0000.0441089340261479,+0000.0017719613294752,+0000.1656843883144932
+0000.7938033751680408,+0000.0442764704373456,+0000.0017788861534745,+0000.1601412682411381
+0000.7990335445067930,+0000.0444451089682007,+0000.0017858480299592,+0000.1547354984950461
+0000.8041220377537092,+0000.0446150469168785,+0000.0017928613626131,+0000.1494700539667980
+0000.8090657566093857,+0000.0447864779931426,+0000.0017999264255923,+0000.1443478389718785
+0000.8138616946163253,+0000.0449595851113437,+0000.0018070359373208,+0000.1393716843350092
+0000.8185069400881559,+0000.0451345266858856,+0000.0018141884292116,+0000.1345443447967458
+0000.8229986794470697,+0000.0453114290605035,+0000.0018213952641114,+0000.1298684962283144
+0000.8273342014751065,+0000.0454903917679369,+0000.0018286743558296,+0000.1253467324011259
+0000.8315109019532854,+0000.0456714997864134,+0000.0018360366854637,+0000.1209815615748366
+0000.8355262876348422,+0000.0458548301199138,+0000.0018434788112978,+0000.1167754034339449
+0000.8393779789989784,+0000.0460404456166714,+0000.0018509887309563,+0000.1127305866533928
+0000.8430637122718633,+0000.0462283815099245,+0000.0018585593661634,+0000.1088493468520480
+0000.8465813417606359,+0000.0464186373961808,+0000.0018661964319663,+0000.1051338244112160
+0000.8499288430711275,+0000.0466111821365396,+0000.0018739129201173,+0000.1015860618722145
+0000.8531043167338006,+0000.0468059665650525,+0000.0018817155493772,+0000.0982080011517685
+0000.8561059911745934,+0000.0470029312629639,+0000.0018895964526607,+0000.0950014811097810
+0000.8589322244178498,+0000.0472020015196042,+0000.0018975382831532,+0000.0919682357793919
+0000.8615815049595272,+0000.0474030742254143,+0000.0019055277729597,+0000.0891098930420980
+0000.8640524528673340,+0000.0476060094602973,+0000.0019135644527456,+0000.0864279732196220
+0000.8663438217409973,+0000.0478106350529361,+0000.0019216559406722,+0000.0839238872653932
+0000.8684545011139406,+0000.0480167597463883,+0000.0019298043736320,+0000.0815989347660377
+0000.8703835182318086,+0000.0482241821964519,+0000.0019379972839669,+0000.0794543022877713
+0000.8721300385399144,+0000.0484326871364917,+0000.0019462119188317,+0000.0774910624047612
+0000.8736933652646058,+0000.0486420326889513,+0000.0019544288279709,+0000.0757101732184711
+0000.8750729391483297,+0000.0488519415984610,+0000.0019626414153444,+0000.0741124778378639
+0000.8762683390309628,+0000.0490621054371300,+0000.0019708520582602,+0000.0726987034736459
+0000.8772792829203215,+0000.0492721981876190,+0000.0019790585660544,+0000.0714694603260040
+0000.8781056284946471,+0000.0494818864348444,+0000.0019872442737251,+0000.0704252407967824
+0000.8787473723182918,+0000.0496908267362018,+0000.0019953815574581,+0000.0695664193880470
+0000.8792046480984090,+0000.0498986533739733,+0000.0020034454034829,+0000.0688932531241339
+0000.8794777250372545,+0000.0501049692388933,+0000.0020114237545343,+0000.0684058819693168
+0000.8795670070277182,+0000.0503093496388302,+0000.0020193144667833,+0000.0681043288666673
+0000.8794730324005708,+0000.0505113562124194,+0000.0020271118425046,+0000.0679884995445041
+0000.8791964731818867,+0000.0507105482215672,+0000.0020347959832466,+0000.0680581826132981
+0000.8787381330956674,+0000.0509064810691549,+0000.0020423354977674,+0000.0683130503374094
+0000.8780989445787005,+0000.0510986944725839,+0000.0020497010001643,+0000.0687526599485502
+0000.8772799658484519,+0000.0512867029765684,+0000.0020568761953530,+0000.0693764549796258
+0000.8762823788214225,+0000.0514699992942699,+0000.0020638556649916,+0000.0701837662193148
+0000.8751074876585918,+0000.0516480684204185,+0000.0020706315213228,+0000.0711738123996660
+0000.8737567169202337,+0000.0518203998749649,+0000.0020771820777310,+0000.0723457011270697
+0000.8722316085238795,+0000.0519864872568478,+0000.0020834737581249,+0000.0736984304611469
+0000.8705338177083919,+0000.0521458167832917,+0000.0020894744685914,+0000.0752308910397239
+0000.8686651090227127,+0000.0522978573899719,+0000.0020951653481324,+0000.0769418682391820
+0000.8666273531799076,+0000.0524420635117422,+0000.0021005393596070,+0000.0788300439487421
+0000.8644225246232147,+0000.0525778892279410,+0000.0021055881132628,+0000.0808939980355804
+0000.8620526988173520,+0000.0527048012598376,+0000.0021102899273788,+0000.0831322099954305
+0000.8595200484230847,+0000.0528222794064972,+0000.0021146109601718,+0000.0855430612102451
+0000.8568268384915003,+0000.0529298053692610,+0000.0021185183953770,+0000.0881248377438604
+0000.8539754216652999,+0000.0530268523868147,+0000.0021219927679513,+0000.0908757331799333
+0000.8509682342642374,+0000.0531128873508833,+0000.0021250273226275,+0000.0937938510622507
+0000.8478077931716728,+0000.0531873847917510,+0000.0021276150576543,+0000.0968772069789209
+0000.8444966925735065,+0000.0532498403984193,+0000.0021297362623388,+0000.1001237307657344
+0000.8410375996772815,+0000.0532997721542204,+0000.0021313589036273,+0000.1035312692648699
+0000.8374332494794665,+0000.0533367093546425,+0000.0021324515625866,+0000.1070975896033032
+0000.8336864395288863,+0000.0533601817264086,+0000.0021329962302429,+0000.1108203825144610
+0000.8298000255916680,+0000.0533697207744832,+0000.0021329883850756,+0000.1146972652487720
+0000.8257769182048111,+0000.0533648734056441,+0000.0021324243100663,+0000.1187257840794771
+0000.8216200792138332,+0000.0533452157227352,+0000.0021312882069352,+0000.1229034168564951
+0000.8173325173977508,+0000.0533103546664209,+0000.0021295518794956,+0000.1272275760563313
+0000.8129172831803637,+0000.0532599171380783,+0000.0021271873552495,+0000.1316956123263076
+0000.8083774633279740,+0000.0531935385673679,+0000.0021241800345282,+0000.1363048180701287
+0000.8037161765597333,+0000.0531108634011740,+0000.0021205294293987,+0000.1410524306096928
+0000.7989365701256016,+0000.0530115581686000,+0000.0021162368101054,+0000.1459356348956918
+0000.7940418164976364,+0000.0528953253009168,+0000.0021112920072440,+0000.1509515661942017
+0000.7890351092594028,+0000.0527619050915299,+0000.0021056724426105,+0000.1560973132064555
+0000.7839196581235417,+0000.0526110648546488,+0000.0020993553682996,+0000.1613699216535090
+0000.7786986839222874,+0000.0524425869338082,+0000.0020923312432209,+0000.1667663979006824
+0000.7733754145097083,+0000.0522562682708534,+0000.0020846050696071,+0000.1722837121498299
+0000.7679530816965577,+0000.0520519327363522,+0000.0020761844280282,+0000.1779188011390607
+0000.7624349184175867,+0000.0518294447437194,+0000.0020670660882440,+0000.1836685707504488
+0000.7568241552058215,+0000.0515887113617712,+0000.0020572344454253,+0000.1895298989869808
+0000.7511240158342758,+0000.0513296714716079,+0000.0020466733084192,+0000.1954996393856959
+0000.7453377129095775,+0000.0510522832475302,+0000.0020353793718149,+0000.2015746244710762
+0000.7394684443594136,+0000.0507565227824543,+0000.0020233640825120,+0000.2077516687756189
+0000.7335193909981754,+0000.0504423955412182,+0000.0020106421253501,+0000.2140275713352552
+0000.7274937144290878,+0000.0501099495691915,+0000.0019972179705409,+0000.2203991180311787
+0000.7213945543534431,+0000.0497592776269098,+0000.0019830837786582,+0000.2268630842409876
+0000.7152250250802857,+0000.0493905063497365,+0000.0019682306702737,+0000.2334162378997031
+0000.7089882119557335,+0000.0490037832783747,+0000.0019526621591514,+0000.2400553426067391
+0000.7026871686485100,+0000.0485992745627620,+0000.0019363964800105,+0000.2467771603087163
+0000.6963249155350811,+0000.0481771754390150,+0000.0019194555890657,+0000.2535784534368369
+0000.6899044385068922,+0000.0477377228751975,+0000.0019018517803686,+0000.2604559868375406
+0000.6834286872710292,+0000.0472811976421485,+0000.0018835851267612,+0000.2674065299600600
+0000.6769005728761196,+0000.0468079135275989,+0000.0018646541649348,+0000.2744268594313458
+0000.6703229651115393,+0000.0463182040421792,+0000.0018450691560612,+0000.2815137616902189
+0000.6636986907041753,+0000.0458124192720312,+0000.0018248548066966,+0000.2886640352170958
+0000.6570305326116770,+0000.0452909353286125,+0000.0018040398497463,+0000.2958744922099631
+0000.6503212297998320,+0000.0447541663229717,+0000.0017826438634594,+0000.3031419600137358
+0000.6435734765856704,+0000.0442025663354210,+0000.0017606743175208,+0000.3104632827613868
+0000.6367899212199472,+0000.0436366187832132,+0000.0017381366107907,+0000.3178353233860478
+0000.6299731642831630,+0000.0430568229737772,+0000.0017150470295817,+0000.3252549657134770
+0000.6231257578001288,+0000.0424636902228264,+0000.0016914357962754,+0000.3327191161807681
+0000.6162502054223902,+0000.0418577522744724,+0000.0016673372959897,+0000.3402247050071467
+0000.6093489631341064,+0000.0412395725451642,+0000.0016427772301441,+0000.3477686870905842
+0000.6024244395808644,+0000.0406097480023548,+0000.0016177693370346,+0000.3553480430797450
+0000.5954789956417864,+0000.0399688988268211,+0000.0015923247240309,+0000.3629597808073602
+0000.5885149437440591,+0000.0393176550232142,+0000.0015664644005747,+0000.3706009368321510
+0000.5815345477994772,+0000.0386566519597148,+0000.0015402225930701,+0000.3782685776477368
+0000.5745400241566201,+0000.0379865377997976,+0000.0015136376805238,+0000.3859598003630574
+0000.5675335430944484,+0000.0373079840026890,+0000.0014867398094130,+0000.3936717330934485
+0000.5605172299825389,+0000.0366216871621505,+0000.0014595473564803,+0000.4014015354988293
+0000.5534931656806258,+0000.0359283591366348,+0000.0014320755029726,+0000.4091463996797658
+0000.5464633866021059,+0000.0352287139532862,+0000.0014043482289311,+0000.4169035512156757
+0000.5394298852892847,+0000.0345234629533584,+0000.0013764018378595,+0000.4246702499194963
+0000.5323946119322428,+0000.0338133213117853,+0000.0013482766605223,+0000.4324437900954485
+0000.5253594764301168,+0000.0330990178185323,+0000.0013200052493404,+0000.4402215005020095
+0000.5183263501508019,+0000.0323812967589246,+0000.0012916086478953,+0000.4480007444423773
+0000.5112970669225858,+0000.0316609087028186,+0000.0012631041617971,+0000.4557789202127975
+0000.5042734236092701,+0000.0309385979487677,+0000.0012345167126053,+0000.4635534617293557
+0000.4972571810774900,+0000.0302150974732327,+0000.0012058825212231,+0000.4713218389280533
+0000.4902500660231278,+0000.0294911346370219,+0000.0011772416327333,+0000.4790815577071161
+0000.4832537733264357,+0000.0287674402976454,+0000.0011486267968650,+0000.4868301595790532
+0000.4762699681312145,+0000.0280447508293822,+0000.0011200596040193,+0000.4945652214353831
+0000.4693002871497194,+0000.0273237997641595,+0000.0010915574154771,+0000.5022843556706431
+0000.4623463394734059,+0000.0266053060156496,+0000.0010631439889140,+0000.5099852105220295
+0000.4554097076548528,+0000.0258899688282682,+0000.0010348532750242,+0000.5176654702418538
+0000.4484919495567177,+0000.0251784727786732,+0000.0010067228076971,+0000.5253228548569111
+0000.4415946007072904,+0000.0244714962817356,+0000.0009787833625608,+0000.5329551196484124
+0000.4347191764034233,+0000.0237697138501228,+0000.0009510550135269,+0000.5405600547329262
+0000.4278671730399071,+0000.0230737887637611,+0000.0009235531941857,+0000.5481354850021453
+0000.4210400688754020,+0000.0223843622891749,+0000.0008962985219414,+0000.5556792703134810
+0000.4142393249544102,+0000.0217020488064343,+0000.0008693206676953,+0000.5631893055714594
+0000.4074663867020601,+0000.0210274402090944,+0000.0008426526449130,+0000.5706635204439315
+0000.4007226860007507,+0000.0203611138655967,+0000.0008163213213182,+0000.5780998788123337
+0000.3940096430404224,+0000.0197036352047842,+0000.0007903434433365,+0000.5854963783114562
+0000.3873286674068130,+0000.0190555515588607,+0000.0007647308106001,+0000.5928510502237254
+0000.3806811585515756,+0000.0184173825526930,+0000.0007394992417909,+0000.6001619596539396
+0000.3740685063147751,+0000.0177896155550587,+0000.0007146724820457,+0000.6074272056481197
+0000.3674920920303291,+0000.0171727095634769,+0000.0006902774117774,+0000.6146449209944155
+0000.3609532900901470,+0000.0165671026698785,+0000.0006663354678256,+0000.6218132717721481
+0000.3544534693157138,+0000.0159732150323788,+0000.0006428586761844,+0000.6289304569757223
+0000.3479939935930466,+0000.0153914439909086,+0000.0006198539324171,+0000.6359947084836270
+0000.3415762218552195,+0000.0148221557481508,+0000.0005973310689631,+0000.6430042913276658
+0000.3352015080290289,+0000.0142656812486069,+0000.0005753067690654,+0000.6499575039532979
+0000.3288712014838067,+0000.0137223196086600,+0000.0005538007019588,+0000.6568526782055739
+0000.3225866479224463,+0000.0131923451134239,+0000.0005328278898650,+0000.6636881790742640
+0000.3163491901223308,+0000.0126760105991701,+0000.0005123947824222,+0000.6704624044960761
+0000.3101601679829276,+0000.0121735438857972,+0000.0004925026473956,+0000.6771737854838789
+0000.3040209179089784,+0000.0116851408096930,+0000.0004731547160584,+0000.6838207865652693
+0000.2979327720888033,+0000.0112109615850939,+0000.0004543600757969,+0000.6904019062503053
+0000.2918970582069271,+0000.0107511338082562,+0000.0004361307229225,+0000.6969156772618932
+0000.2859150995899926,+0000.0103057589852980,+0000.0004184748915677,+0000.7033606665331411
+0000.2799882152561426,+0000.0098749163086260,+0000.0004013931967322,+0000.7097354752384983
+0000.2741177193330305,+0000.0094586603907694,+0000.0003848811518021,+0000.7160387391243972
+0000.2683049198221122,+0000.0090570156453312,+0000.0003689353852824,+0000.7222691291472736
+0000.2625511172103663,+0000.0086699731348391,+0000.0003535574867762,+0000.7284253521680177
+0000.2568576034625703,+0000.0082974931458038,+0000.0003387519527693,+0000.7345061514388560
+0000.2512256614467585,+0000.0079395112194732,+0000.0003245204734940,+0000.7405103068602736
+0000.2456565643266688,+0000.0075959422641528,+0000.0003108581658602,+0000.7464366352433176
+0000.2401515744025435,+0000.0072666795163214,+0000.0002977552467826,+0000.7522839908343518
+0000.2347119413308308,+0000.0069515902044077,+0000.0002852023306593,+0000.7580512661341015
+0000.2293389001645413,+0000.0066505128410835,+0000.0002731942051733,+0000.7637373927892013
+0000.2240336697340573,+0000.0063632593377985,+0000.0002617286295332,+0000.7693413422986104
+0000.2187974514678196,+0000.0060896204862314,+0000.0002508015564825,+0000.7748621264894660
+0000.2136314282531641,+0000.0058293703112386,+0000.0002404034719017,+0000.7802987979636948
+0000.2085367628383197,+0000.0055822661327847,+0000.0002305202655755,+0000.7856504507633195
+0000.2035145956660137,+0000.0053480453939979,+0000.0002211376340181,+0000.7909162213059696
+0000.1985660425193531,+0000.0051264233181513,+0000.0002122447635844,+0000.7960952893989104
+0000.1936921924789991,+0000.0049170945112518,+0000.0002038339254414,+0000.8011868790843071
+0000.1888941063327672,+0000.0047197378253435,+0000.0001958965927829,+0000.8061902592491057
+0000.1841728151021952,+0000.0045340208282527,+0000.0001884199008290,+0000.8111047441687225
+0000.1795293182135459,+0000.0043596007980561,+0000.0001813867691356,+0000.8159296942192616
+0000.1749645811680452,+0000.0041961225561632,+0000.0001747794483388,+0000.8206645168274522
+0000.1704795330305365,+0000.0040432163839666,+0000.0001685830884978,+0000.8253086674969985
+0000.1660750642080265,+0000.0039004990530804,+0000.0001627860610867,+0000.8298616506778057
+0000.1617520246948192,+0000.0037675779954952,+0000.0001573769167318,+0000.8343230203929531
+0000.1575112225108763,+0000.0036440557492805,+0000.0001523409778063,+0000.8386923807620363
+0000.1533534218923066,+0000.0035295316896506,+0000.0001476597783836,+0000.8429693866396585
+0000.1492793410585380,+0000.0034236006824382,+0000.0001433138058630,+0000.8471537444531603
+0000.1452896498131237,+0000.0033258511449912,+0000.0001392859324140,+0000.8512452131094705
+0000.1413849674172480,+0000.0032358654475246,+0000.0001355623820555,+0000.8552436047531715
+0000.1375658609400912,+0000.0031532233207828,+0000.0001321304623177,+0000.8591487852768078
+0000.1338328438736026,+0000.0030775061331734,+0000.0001289753016475,+0000.8629606746915759
+0000.1301863746054135,+0000.0030082991505922,+0000.0001260786842363,+0000.8666792475597574
+0000.1266268545490549,+0000.0029451908172193,+0000.0001234210479986,+0000.8703045335857265
+0000.1231546261273043,+0000.0028877708502745,+0000.0001209847565668,+0000.8738366182658537
+0000.1197699710103021,+0000.0028356299726832,+0000.0001187556194960,+0000.8772756433975181
+0000.1164731088324903,+0000.0027883625064399,+0000.0001167213224939,+0000.8806218073385750
+0000.1132641962347862,+0000.0027455703463170,+0000.0001148683232878,+0000.8838753650956082
+0000.1101433258630948,+0000.0027068655445373,+0000.0001131801684052,+0000.8870366284239622
+0000.1071105251022471,+0000.0026718700340177,+0000.0001116388173122,+0000.8901059660464221
+0000.1041657546816905,+0000.0026402136660641,+0000.0001102277317324,+0000.8930838039205122
+0000.1013089075122465,+0000.0026115332626767,+0000.0001089338495258,+0000.8959706253755503
+0000.0985398079921353,+0000.0025854743715232,+0000.0001077466326801,+0000.8987669710036610
+0000.0958582116836368,+0000.0025616948229502,+0000.0001066551379162,+0000.9014734383554963
+0000.0932638050315162,+0000.0025398674538796,+0000.0001056459106232,+0000.9040906816039807
+0000.0907562048870840,+0000.0025196801113368,+0000.0001047037108784,+0000.9066194112907001
+0000.0883349579172819,+0000.0025008335735253,+0000.0001038143960312,+0000.9090603941131609
+0000.0859995402119363,+0000.0024830399465940,+0000.0001029672440823,+0000.9114144525973867
+0000.0837493573362361,+0000.0024660235921740,+0000.0001021545365003,+0000.9136824645350887
+0000.0815837447803638,+0000.0024495241849743,+0000.0001013688233137,+0000.9158653622113475
+0000.0795019685197509,+0000.0024332994199689,+0000.0001006004953796,+0000.9179641315648999
+0000.0775032254391803,+0000.0024171251679882,+0000.0000998379913041,+0000.9199798114015266
+0000.0755866436462565,+0000.0024007932598799,+0000.0000990704483285,+0000.9219134926455343
+0000.0737512829394346,+0000.0023841092934674,+0000.0000982902692018,+0000.9237663174978958
+0000.0719961356805933,+0000.0023668927828688,+0000.0000974931579257,+0000.9255394783786116
+0000.0703201280710607,+0000.0023489796698559,+0000.0000966756030039,+0000.9272342166560789
+0000.0687221215879264,+0000.0023302248953826,+0000.0000958322326575,+0000.9288518212840327
+0000.0672009143284313,+0000.0023105026197806,+0000.0000949555822133,+0000.9303936274695741
+0000.0657552422369350,+0000.0022897038923203,+0000.0000940384874464,+0000.9318610153832976
+0000.0643837804319371,+0000.0022677339746154,+0000.0000930767900008,+0000.9332554088034462
+0000.0630851448801095,+0000.0022445117980427,+0000.0000920697481055,+0000.9345782735737416
+0000.0618578944605898,+0000.0022199719187623,+0000.0000910177655746,+0000.9358311158550725
+0000.0607005332190800,+0000.0021940668745976,+0000.0000899196351584,+0000.9370154802711632
+0000.0596115125594188,+0000.0021667674250411,+0000.0000887719437223,+0000.9381329480718172
+0000.0585892333006298,+0000.0021380601694985,+0000.0000875711814254,+0000.9391851353484455
+0000.0576320477686777,+0000.0021079445287336,+0000.0000863164846083,+0000.9401736912179797
+0000.0567382621639412,+0000.0020764316282691,+0000.0000850103499991,+0000.9411002958577898
+0000.0559061392870803,+0000.0020435457201482,+0000.0000836566405269,+0000.9419666583522440
+0000.0551339014663605,+0000.0020093262845009,+0000.0000822578194854,+0000.9427745144296522
+0000.0544197334376412,+0000.0019738282845606,+0000.0000808140658627,+0000.9435256242119345
+0000.0537617850641196,+0000.0019371198314045,+0000.0000793250721526,+0000.9442217700323225
+0000.0531581740173791,+0000.0018992789910078,+0000.0000777927301349,+0000.9448647542614774
+0000.0526069886527022,+0000.0018603922334342,+0000.0000762220856477,+0000.9454563970282150
+0000.0521062911955629,+0000.0018205553704592,+0000.0000746196548863,+0000.9459985337790906
+0000.0516541211266615,+0000.0017798753938181,+0000.0000729907463526,+0000.9464930127331672
+0000.0512484985231627,+0000.0017384707735807,+0000.0000713383511817,+0000.9469416923520740
+0000.0508874272080567,+0000.0016964692915694,+0000.0000696646021122,+0000.9473464388982612
+0000.0505688977839807,+0000.0016540048547515,+0000.0000679733164949,+0000.9477091240447721
+0000.0502908907735482,+0000.0016112156595757,+0000.0000662711388613,+0000.9480316224280143
+0000.0500513800143691,+0000.0015682447105252,+0000.0000645662027677,+0000.9483158090723371
+0000.0498483362380389,+0000.0015252414111803,+0000.0000628656286592,+0000.9485635567221208
+0000.0496797306021472,+0000.0014823619575926,+0000.0000611742442671,+0000.9487767331959923
+0000.0495435379959706,+0000.0014397674740586,+0000.0000594956774300,+0000.9489571988525399
+0000.0494377401558132,+0000.0013976210120508,+0000.0000578346816905,+0000.9491068041504448
+0000.0493603287977831,+0000.0013560855746816,+0000.0000561984251505,+0000.9492273872023840
+0000.0493093089452906,+0000.0013153242856923,+0000.0000545955328204,+0000.9493207712361960
+0000.0492827024196115,+0000.0012755017633728,+0000.0000530338367309,+0000.9493887619802841
+0000.0492785512770306,+0000.0012367846723839,+0000.0000515189698551,+0000.9494331450807297
+0000.0492949209881979,+0000.0011993402931889,+0000.0000500550662147,+0000.9494556836523975
+0000.0493299033577452,+0000.0011633338690341,+0000.0000486468072448,+0000.9494581159659751
+0000.0493816193782866,+0000.0011289266173767,+0000.0000473008272978,+0000.9494421531770384
+0000.0494482222201440,+0000.0010962756117696,+0000.0000460251697193,+0000.9494094769983662
+0000.0495279003626585,+0000.0010655349721369,+0000.0000448273511451,+0000.9493617373140587
+0000.0496188806668438,+0000.0010368566387845,+0000.0000437128594340,+0000.9493005498349371
+0000.0497194311658002,+0000.0010103894909695,+0000.0000426854359660,+0000.9492274939072637
+0000.0498278635361036,+0000.0009862771739999,+0000.0000417487952216,+0000.9491441104946742
+0000.0499425354319912,+0000.0009646561941356,+0000.0000409081293266,+0000.9490519002445458
