+0000.0000000000000000,+0000.9999999999999996,+0000.0000000000000000
+0000.0001000090836977,+0000.9998999908537873,+0000.0000000000625146
+0000.0003999953273425,+0000.9996000036724760,+0000.0000000010001812
+0000.0008998357254067,+0000.9991001592116112,+0000.0000000050629818
+0000.0015993253247303,+0000.9984006586756734,+0000.0000000159995958
+0000.0024981773085747,+0000.9975017836359594,+0000.0000000390554654
+0000.0035960231142515,+0000.9964038959156605,+0000.0000000809700877
+0000.0048924125842745,+0000.9951074374421893,+0000.0000001499735356
+0000.0063868141509772,+0000.9936129300668137,+0000.0000002557822086
+0000.0080786150545160,+0000.9919209753516686,+0000.0000004095938149
+0000.0099671215941723,+0000.9900322543242395,+0000.0000006240815878
+0000.0120515594128496,+0000.9879475271994114,+0000.0000009133877387
+0000.0143310738146485,+0000.9856676330692021,+0000.0000012931161490
+0000.0168047301153897,+0000.9831934895603047,+0000.0000017803243049
+0000.0194715140259424,+0000.9805260924595793,+0000.0000023935144775
+0000.0223303320681972,+0000.9776665153076487,+0000.0000031526241538
+0000.0253800120235174,+0000.9746159089607614,+0000.0000040790157205
+0000.0286193034134829,+0000.9713755011211092,+0000.0000051954654073
+0000.0320468780127272,+0000.9679465958357799,+0000.0000065261514925
+0000.0356613303936609,+0000.9643305729645608,+0000.0000080966417778
+0000.0394611785028563,+0000.9605288876168069,+0000.0000099338803365
+0000.0434448642688554,+0000.9565430695576025,+0000.0000120661735416
+0000.0476107542411555,+0000.9523747225834651,+0000.0000145231753791
+0000.0519571402601074,+0000.9480255238678381,+0000.0000173358720541
+0000.0564822401574526,+0000.9434972232766519,+0000.0000205365658949
+0000.0611841984872089,+0000.9387916426542268,+0000.0000241588585637
+0000.0660610872866129,+0000.9339106750798072,+0000.0000282376335794
+0000.0711109068667972,+0000.9288562840950403,+0000.0000328090381621
+0000.0763315866328831,+0000.9236305029027110,+0000.0000379104644054
+0000.0817209859331536,+0000.9182354335370598,+0000.0000435805297860
+0000.0872768949369580,+0000.9126732460060232,+0000.0000498590570183
+0000.0929970355409781,+0000.9069461774057583,+0000.0000567870532632
+0000.0988790623035057,+0000.9010565310077943,+0000.0000644066886998
+0000.1049205634063248,+0000.8950066753192047,+0000.0000727612744699
+0000.1111190616438163,+0000.8887990431161791,+0000.0000818952400041
+0000.1174720154388822,+0000.8824361304513775,+0000.0000918541097401
+0000.1239768198852621,+0000.8759204956354943,+0000.0001026844792433
+0000.1306308078158227,+0000.8692547581934379,+0000.0001144339907391
+0000.1374312508963793,+0000.8624415977955511,+0000.0001271513080693
+0000.1443753607446018,+0000.8554837531643157,+0000.0001408860910821
+0000.1514602900735390,+0000.8483840209569936,+0000.0001556889694669
+0000.1586831338593105,+0000.8411452546246420,+0000.0001716115160469
+0000.1660409305324643,+0000.8337703632479965,+0000.0001887062195388
+0000.1735306631925214,+0000.8262623103506844,+0000.0002070264567937
+0000.1811492608452221,+0000.8186241126902479,+0000.0002266264645295
+0000.1888935996619422,+0000.8108588390274891,+0000.0002475613105685
+0000.1967605042607730,+0000.8029696088746344,+0000.0002698868645920
+0000.2047467490087618,+0000.7949595912228128,+0000.0002936597684252
+0000.2128490593447236,+0000.7868320032494116,+0000.0003189374058643
+0000.2210641131221506,+0000.7785901090057881,+0000.0003457778720611
+0000.2293885419716109,+0000.7702372180859129,+0000.0003742399424757
+0000.2378189326821100,+0000.7617766842764759,+0000.0004043830414137
+0000.2463518286008369,+0000.7532119041890036,+0000.0004362672101589
+0000.2549837310507240,+0000.7445463158745570,+0000.0004699530747186
+0000.2637111007652307,+0000.7357833974215768,+0000.0005055018131919
+0000.2725303593397849,+0000.7269266655374352,+0000.0005429751227792
+0000.2814378906992577,+0000.7179796741142980,+0000.0005824351864439
+0000.2904300425808827,+0000.7089460127798736,+0000.0006239446392434
+0000.2995031280320267,+0000.6998293054336303,+0000.0006675665343427
+0000.3086534269221689,+0000.6906332087691045,+0000.0007133643087263
+0000.3178771874684834,+0000.6813614107828934,+0000.0007614017486230
+0000.3271706277744028,+0000.6720176292709379,+0000.0008117429546588
+0000.3365299373805379,+0000.6626056103127078,+0000.0008644523067539
+0000.3459512788272751,+0000.6531291267439469,+0000.0009195944287779
+0000.3554307892284699,+0000.6435919766185496,+0000.0009772341529799
+0000.3649645818555655,+0000.6339979816602255,+0000.0010374364842088
+0000.3745487477314582,+0000.6243509857046021,+0000.0011002665639392
+0000.3841793572334982,+0000.6146548531323820,+0000.0011657896341193
+0000.3938524617049680,+0000.6049134672941754,+0000.0012340710008562
+0000.4035640950743223,+0000.5951307289277225,+0000.0013051759979548
+0000.4133102754815971,+0000.5853105545680763,+0000.0013791699503265
+0000.4230870069112872,+0000.5754568749514286,+0000.0014561181372840
+0000.4328902808309910,+0000.5655736334132713,+0000.0015360857557373
+0000.4427160778352308,+0000.5556647842814595,+0000.0016191378833094
+0000.4525603692936753,+0000.5457342912649400,+0000.0017053394413844
+0000.4624191190031909,+0000.5357861258386996,+0000.0017947551581092
+0000.4722882848429389,+0000.5258242656257009,+0000.0018874495313599
+0000.4821638204319478,+0000.5158526927763578,+0000.0019834867916940
+0000.4920416767883758,+0000.5058753923463226,+0000.0020829308653011
+0000.5019178039898660,+0000.4958963506731627,+0000.0021858453369710
+0000.5117881528342821,+0000.4859195537526234,+0000.0022922934130942
+0000.5216486765001104,+0000.4759489856151770,+0000.0024023378847124
+0000.5314953322059087,+0000.4659886267034570,+0000.0025160410906339
+0000.5413240828680947,+0000.4560424522512726,+0000.0026334648806322
+0000.5511308987563555,+0000.4461144306649023,+0000.0027546705787418
+0000.5609117591460673,+0000.4362085219072621,+0000.0028797189466703
+0000.5706626539670155,+0000.4263286758856438,+0000.0030086701473404
+0000.5803795854477019,+0000.4164788308437173,+0000.0031415837085806
+0000.5900585697546528,+0000.4066629117583685,+0000.0032785184869785
+0000.5996956386259504,+0000.3968848287421352,+0000.0034195326319141
+0000.6092868409984254,+0000.3871484754517841,+0000.0035646835497900
+0000.6188282446277216,+0000.3774577275038069,+0000.0037140278684715
+0000.6283159377007140,+0000.3678164408973284,+0000.0038676214019573
+0000.6377460304394803,+0000.3582284504452284,+0000.0040255191152912
+0000.6471146566962395,+0000.3486975682140250,+0000.0041877750897350
+0000.6564179755386106,+0000.3392275819731731,+0000.0043544424882160
+0000.6656521728245178,+0000.3298222536544165,+0000.0045255735210652
+0000.6748134627660765,+0000.3204853178218613,+0000.0047012194120618
+0000.6838980894818705,+0000.3112204801533306,+0000.0048814303647987
+0000.6929023285369564,+0000.3020314159336577,+0000.0050662555293856
+0000.7018224884699324,+0000.2929217685605640,+0000.0052557429695032
+0000.7106549123065222,+0000.2838951480636532,+0000.0054499396298242
+0000.7193959790589606,+0000.2749551296372236,+0000.0056488913038157
+0000.7280421052106598,+0000.2661052521874013,+0000.0058526426019386
+0000.7365897461854406,+0000.2573490168943035,+0000.0060612369202558
+0000.7450353978008746,+0000.2486898857896566,+0000.0062747164094685
+0000.7533755977049372,+0000.2401312803506751,+0000.0064931219443874
+0000.7616069267956128,+0000.2316765801105252,+0000.0067164930938616
+0000.7697260106226662,+0000.2233291212861634,+0000.0069448680911701
+0000.7777295207711556,+0000.2150921954239463,+0000.0071782838048979
+0000.7856141762259971,+0000.2069690480637006,+0000.0074167757103023
+0000.7933767447171665,+0000.1989628774216433,+0000.0076603778611901
+0000.8010140440448064,+0000.1910768330928819,+0000.0079091228623115
+0000.8085229433838593,+0000.1833140147738510,+0000.0081630418422897
+0000.8159003645676073,+0000.1756774710052974,+0000.0084221644270953
+0000.8231432833495853,+0000.1681701979363368,+0000.0086865187140778
+0000.8302487306434111,+0000.1607951381100189,+0000.0089561312465698
+0000.8372137937399500,+0000.1535551792709802,+0000.0092310269890696
+0000.8440356175013750,+0000.1464531531956025,+0000.0095112293030223
+0000.8507114055315972,+0000.1394918345452015,+0000.0097967599232010
+0000.8572384213226233,+0000.1326739397426662,+0000.0100876389347103
+0000.8636139893762736,+0000.1260021258731150,+0000.0103838847506110
+0000.8698354963009884,+0000.1194789896088219,+0000.0106855140901895
+0000.8759003918830397,+0000.1131070661590908,+0000.0109925419578694
+0000.8818061901318996,+0000.1068888282453126,+0000.0113049816227879
+0000.8875504702992340,+0000.1008266851017305,+0000.0116228445990357
+0000.8931308778711585,+0000.0949229815022613,+0000.0119461406265803
+0000.8985451255332647,+0000.0891799968138630,+0000.0122748776528719
+0000.9037909941081685,+0000.0835999440766806,+0000.0126090618151506
+0000.9088663334650334,+0000.0781849691115095,+0000.0129486974234568
+0000.9137690634008085,+0000.0729371496548346,+0000.0132937869443567
+0000.9184971744927672,+0000.0678584945218436,+0000.0136443309853891
+0000.9230487289220225,+0000.0629509427977326,+0000.0140003282802450
+0000.9274218612676629,+0000.0582163630576560,+0000.0143617756746810
+0000.9316147792712060,+0000.0536565526156102,+0000.0147286681131837
+0000.9356257645710102,+0000.0492732368026096,+0000.0151009986263801
+0000.9394531734064208,+0000.0450680682743657,+0000.0154787583192136
+0000.9430954372912620,+0000.0410426263488600,+0000.0158619363598780
+0000.9465510636565082,+0000.0371984163739601,+0000.0162505199695317
+0000.9498186364617771,+0000.0335368691254428,+0000.0166444944127802
+0000.9528968167754538,+0000.0300593402355958,+0000.0170438429889502
+0000.9557843433231689,+0000.0267671096526882,+0000.0174485470241429
+0000.9584800330044484,+0000.0236613811314625,+0000.0178585858640889
+0000.9609827813772697,+0000.0207432817549388,+0000.0182739368677913
+0000.9632915631103856,+0000.0180138614876358,+0000.0186945754019783
+0000.9654054324031862,+0000.0154740927604572,+0000.0191204748363564
+0000.9673235233729324,+0000.0131248700873960,+0000.0195516065396717
+0000.9690450504092252,+0000.0109670097141887,+0000.0199879398765860
+0000.9705693084955510,+0000.0090012492990812,+0000.0204294422053675
+0000.9718956734977594,+0000.0072282476258446,+0000.0208760788763959
+0000.9730236024193770,+0000.0056485843491359,+0000.0213278132314870
+0000.9739526336236498,+0000.0042627597723058,+0000.0217846066040441
+0000.9746823870222013,+0000.0030711946577753,+0000.0222464183200230
+0000.9752125642302579,+0000.0020742300700121,+0000.0227132056997300
+0000.9755429486883574,+0000.0012721272512065,+0000.0231849240604359
+0000.9756734057505053,+0000.0006650675296713,+0000.0236615267198233
+0000.9756038827387314,+0000.0002531522610176,+0000.0241429650002509
+0000.9753344089640340,+0000.0000364028021158,+0000.0246291882338503
+0000.9748650957136931,+0000.0000147605178642,+0000.0251201437684424
+0000.9741961362049735,+0000.0001880868207496,+0000.0256157769742771
+0000.9733278055052176,+0000.0005561632431851,+0000.0261160312515974
+0000.9722604604183759,+0000.0011186915425987,+0000.0266208480390252
+0000.9709945393380193,+0000.0018752938392187,+0000.0271301668227619
+0000.9695305620668871,+0000.0028255127865055,+0000.0276439251466070
+0000.9678691296030548,+0000.0039688117741539,+0000.0281620586227912
+0000.9660109238927925,+0000.0053045751635854,+0000.0286845009436219
+0000.9639567075502462,+0000.0068321085558209,+0000.0292111838939327
+0000.9617073235440240,+0000.0085506390916391,+0000.0297420373643368
+0000.9592636948508328,+0000.0104593157838807,+0000.0302769893652864
+0000.9566268240763138,+0000.0125572098817678,+0000.0308159660419184
+0000.9537977930432066,+0000.0148433152670918,+0000.0313588916897015
+0000.9507777623470555,+0000.0173165488820857,+0000.0319056887708587
+0000.9475679708795874,+0000.0199757511888310,+0000.0324562779315813
+0000.9441697353200021,+0000.0228196866599899,+0000.0330105780200078
+0000.9405844495943552,+0000.0258470443006628,+0000.0335685061049818
+0000.9368135843032636,+0000.0290564382011700,+0000.0341299774955665
+0000.9328586861181891,+0000.0324464081204952,+0000.0346949057613157
+0000.9287213771465090,+0000.0360154201001924,+0000.0352632027532985
+0000.9244033542656659,+0000.0397618671084695,+0000.0358347786258643
+0000.9199063884266447,+0000.0436840697142125,+0000.0364095418591428
+0000.9152323239271170,+0000.0477802767906151,+0000.0369873992822677
+0000.9103830776544609,+0000.0520486662482138,+0000.0375682560973254
+0000.9053606382990383,+0000.0564873457969494,+0000.0381520159040121
+0000.9001670655380565,+0000.0610943537369533,+0000.0387385807249902
+0000.8948044891902914,+0000.0658676597777704,+0000.0393278510319382
+0000.8892751083420500,+0000.0708051658856607,+0000.0399197257722891
+0000.8835811904447908,+0000.0759047071585757,+0000.0405141023966335
+0000.8777250703846213,+0000.0811640527285811,+0000.0411108768867975
+0000.8717091495242252,+0000.0865809066912086,+0000.0417099437845663
+0000.8655358947175305,+0000.0921529090614174,+0000.0423111962210521
+0000.8592078372974782,+0000.0978776367558228,+0000.0429145259466991
+0000.8527275720373881,+0000.1037526046007032,+0000.0435198233619084
+0000.8460977560863417,+0000.1097752663653867,+0000.0441269775482716
+0000.8393211078789506,+0000.1159430158206464,+0000.0447358763004029
+0000.8324004060200270,+0000.1222531878216108,+0000.0453464061583622
+0000.8253384881445843,+0000.1287030594147635,+0000.0459584524406522
+0000.8181382497536218,+0000.1352898509686009,+0000.0465718992777773
+0000.8108026430262294,+0000.1420107273274191,+0000.0471866296463515
+0000.8033346756084419,+0000.1488627989878100,+0000.0478025254037480
+0000.7957374093793123,+0000.1558431232974138,+0000.0484194673232738
+0000.7880139591948268,+0000.1629487056753213,+0000.0490373351298519
+0000.7801674916100740,+0000.1701765008537194,+0000.0496560075362066
+0000.7722012235802427,+0000.1775234141402317,+0000.0502753622795253
+0000.7641184211408943,+0000.1849863027004992,+0000.0508952761586065
+0000.7559223980682334,+0000.1925619768603172,+0000.0515156250714494
+0000.7476165145197065,+0000.2002472014269985,+0000.0521362840532950
+0000.7392041756556729,+0000.2080386970292365,+0000.0527571273150907
+0000.7306888302426083,+0000.2159331414750196,+0000.0533780282823721
+0000.7220739692383855,+0000.2239271711270687,+0000.0539988596345457
+0000.7133631243603454,+0000.2320173822951047,+0000.0546194933445500
+0000.7045598666366648,+0000.2402003326444473,+0000.0552398007188877
+0000.6956678049415391,+0000.2484725426204464,+0000.0558596524380141
+0000.6866905845149442,+0000.2568304968879920,+0000.0564789185970635
+0000.6776318854674369,+0000.2652706457856671,+0000.0570974687468960
+0000.6684954212707384,+0000.2737894067938108,+0000.0577151719354509
+0000.6592849372345904,+0000.2823831660160149,+0000.0583318967493946
+0000.6500042089706084,+0000.2910482796733475,+0000.0589475113560442
+0000.6406570408436854,+0000.2997810756107690,+0000.0595618835455456
+0000.6312472644116798,+0000.3085778548150194,+0000.0601748807733004
+0000.6217787368539464,+0000.3174348929434437,+0000.0607863702026097
+0000.6122553393893099,+0000.3263484418631450,+0000.0613962187475450
+0000.6026809756842977,+0000.3353147311997059,+0000.0620042931159963
+0000.5930595702521475,+0000.3443299698949457,+0000.0626104598529068
+0000.5833950668432528,+0000.3533903477730849,+0000.0632145853836623
+0000.5736914268278022,+0000.3624920371145681,+0000.0638165360576297
+0000.5639526275711120,+0000.3716311942370670,+0000.0644161781918210
+0000.5541826608025173,+0000.3808039610828171,+0000.0650133781146653
+0000.5443855309783544,+0000.3900064668117726,+0000.0656080022098730
+0000.5345652536397505,+0000.3992348293998698,+0000.0661999169603794
+0000.5247258537658192,+0000.4084851572418325,+0000.0667889889923481
+0000.5148713641231327,+0000.4177535507576556,+0000.0673750851192116
+0000.5050058236118845,+0000.4270361040023741,+0000.0679580723857413
+0000.4951332756097027,+0000.4363289062781797,+0000.0685378181121175
+0000.4852577663134681,+0000.4456280437485269,+0000.0691141899380048
+0000.4753833430801689,+0000.4549296010532446,+0000.0696870558665862
+0000.4655140527671841,+0000.4642296629242542,+0000.0702562843085617
+0000.4556539400728719,+0000.4735243158010499,+0000.0708217441260780
+0000.4458070458779628,+0000.4828096494454425,+0000.0713833046765948
+0000.4359774055886457,+0000.4920817585547125,+0000.0719408358566415
+0000.4261690474818486,+0000.5013367443726819,+0000.0724942081454693
+0000.4163859910535272,+0000.5105707162979023,+0000.0730432926485703
+0000.4066322453705102,+0000.5197797934884358,+0000.0735879611410538
+0000.3969118074266400,+0000.5289601064624997,+0000.0741280861108602
+0000.3872286605039551,+0000.5381077986942543,+0000.0746635408017903
+0000.3775867725394474,+0000.5472190282042091,+0000.0751941992563430
+0000.3679900944982153,+0000.5562899691434536,+0000.0757199363583307
+0000.3584425587534475,+0000.5653168133712727,+0000.0762406278752796
+0000.3489480774742567,+0000.5742957720251739,+0000.0767561505005692
+0000.3395105410216027,+0000.5832230770830812,+0000.0772663818953158
+0000.3301338163533963,+0000.5920949829166358,+0000.0777712007299675
+0000.3208217454390191,+0000.6009077678353604,+0000.0782704867256203
+0000.3115781436842596,+0000.6096577356207368,+0000.0787641206950039
+0000.3024067983670709,+0000.6183412170497787,+0000.0792519845831504
+0000.2933114670850280,+0000.6269545714072626,+0000.0797339615077091
+0000.2842958762147114,+0000.6354941879863718,+0000.0802099357989165
+0000.2753637193842066,+0000.6439564875766214,+0000.0806797930391721
+0000.2665186559588535,+0000.6523379239389073,+0000.0811434201022388
+0000.2577643095411905,+0000.6606349852667860,+0000.0816007051920232
+0000.2491042664854823,+0000.6688441956335683,+0000.0820515378809492
+0000.2405420744276333,+0000.6769621164244909,+0000.0824958091478756
+0000.2320812408309652,+0000.6849853477534564,+0000.0829334114155782
+0000.2237252315484379,+0000.6929105298638031,+0000.0833642385877588
+0000.2154774694020327,+0000.7007343445123965,+0000.0837881860855707
+0000.2073413327798053,+0000.7084535163365391,+0000.0842051508836552
+0000.1993201542510673,+0000.7160648142032784,+0000.0846150315456543
+0000.1914172192005580,+0000.7235650525402186,+0000.0850177282592231
+0000.1836357644817525,+0000.7309510926477674,+0000.0854131428704799
+0000.1759789770903571,+0000.7382198439917187,+0000.0858011789179239
+0000.1684499928581124,+0000.7453682654761145,+0000.0861817416657727
+0000.1610518951674967,+0000.7523933666957661,+0000.0865547381367369
+0000.1537877136882723,+0000.7592922091675309,+0000.0869200771441966
+0000.1466604231357022,+0000.7660619075405251,+0000.0872776693237724
+0000.1396729420517016,+0000.7726996307840135,+0000.0876274271642846
+0000.1328281316086785,+0000.7792026033532340,+0000.0879692650380871
+0000.1261287944371724,+0000.7855681063320725,+0000.0883030992307547
+0000.1195776734774633,+0000.7917934785524109,+0000.0886288479701258
+0000.1131774508555399,+0000.7978761176897855,+0000.0889464314546744
+0000.1069307467843078,+0000.8038134813344771,+0000.0892557718812147
+0000.1008401184898351,+0000.8096030880382469,+0000.0895567934719177
+0000.0949080591638011,+0000.8152425183355635,+0000.0898494225006350
+0000.0891369969419913,+0000.8207294157394953,+0000.0901335873185130
+0000.0835292939095437,+0000.8260614877115725,+0000.0904092183788837
+0000.0780872451333766,+0000.8312365066051699,+0000.0906762482614530
+0000.0728130777219578,+0000.8362523105823181,+0000.0909346116957239
+0000.0677089499131517,+0000.8411068045031478,+0000.0911842455837003
+0000.0627769501901700,+0000.8457979607880159,+0000.0914250890218137
+0000.0580190964261853,+0000.8503238202517039,+0000.0916570833221103
+0000.0534373350579812,+0000.8546824929093654,+0000.0918801720326530
+0000.0490335402887794,+0000.8588721587540773,+0000.0920943009571430
+0000.0448095133208648,+0000.8628910685053657,+0000.0922994181737693
+0000.0407669816180304,+0000.8667375443287259,+0000.0924954740532434
+0000.0369075981983117,+0000.8704099805256342,+0000.0926824212760538
+0000.0332329409573104,+0000.8739068441937875,+0000.0928602148489014
+0000.0297445120222558,+0000.8772266758574319,+0000.0930288121203119
+0000.0264437371372375,+0000.8803680900673079,+0000.0931881727954542
+0000.0233319650796703,+0000.8833297759702287,+0000.0933382589501005
+0000.0204104671084559,+0000.8861104978477625,+0000.0934790350437813
+0000.0176804364438246,+0000.8887090956240896,+0000.0936104679320855
+0000.0151429877792783,+0000.8911244853425989,+0000.0937325268781226
+0000.0127991568257012,+0000.8933556596111475,+0000.0938451835631508
+0000.0106498998878581,+0000.8954016880158098,+0000.0939484120963316
+0000.0086960934735278,+0000.8972617175028177,+0000.0940421890236543
+0000.0069385339352895,+0000.8989349727287268,+0000.0941264933359832
+0000.0053779371452477,+0000.9004207563785012,+0000.0942013064762508
+0000.0040149382027376,+0000.9017184494514656,+0000.0942666123457964
+0000.0028500911751551,+0000.9028275115150270,+0000.0943223973098174
+0000.0018838688720679,+0000.9037474809259578,+0000.0943686502019738
+0000.0011166626525880,+0000.9044779750193074,+0000.0944053623281043
+0000.0005487822662145,+0000.9050186902646968,+0000.0944325274690882
+0000.0001804557271044,+0000.9053694023900790,+0000.0944501418828163
+0000.0000118292218878,+0000.9055299664728111,+0000.0944582043053007
+0000.0000429670510372,+0000.9055003169980554,+0000.0944567159509069
+0000.0002738516038183,+0000.9052804678844745,+0000.0944456805117069
+0000.0007043833668365,+0000.9048705124771910,+0000.0944251041559720
+0000.0013343809661731,+0000.9042706235080527,+0000.0943949955257737
+0000.0021635812430932,+0000.9034810530231795,+0000.0943553657337272
+0000.0031916393632806,+0000.9025021322778605,+0000.0943062283588585
+0000.0044181289596005,+0000.9013342715988020,+0000.0942475994415971
+0000.0058425423082519,+0000.8999779602138298,+0000.0941794974779179
+0000.0074642905383165,+0000.8984337660490893,+0000.0941019434125938
+0000.0092827038745759,+0000.8967023354938146,+0000.0940149606316091
+0000.0112970319134962,+0000.8947843931328032,+0000.0939185749536998
+0000.0135064439322847,+0000.8926807414466728,+0000.0938128146210422
+0000.0159100292308638,+0000.8903922604800403,+0000.0936977102890955
+0000.0185067975066750,+0000.8879199074777490,+0000.0935732950155756
+0000.0212956792620710,+0000.8852647164893084,+0000.0934396042486201
+0000.0242755262442384,+0000.8824277979416812,+0000.0932966758140799
+0000.0274451119173540,+0000.8794103381806514,+0000.0931445499019941
+0000.0308031319668699,+0000.8762135989808870,+0000.0929832690522425
+0000.0343482048357195,+0000.8728389170249284,+0000.0928128781393516
+0000.0380788722920920,+0000.8692877033513911,+0000.0926334243565162
+0000.0419936000287665,+0000.8655614427724522,+0000.0924449571987809
+0000.0460907782935285,+0000.8616616932610361,+0000.0922475284454347
+0000.0503687225506009,+0000.8575900853077913,+0000.0920411921416073
+0000.0548256741726804,+0000.8533483212482488,+0000.0918260045790703
+0000.0594598011633363,+0000.8489381745603964,+0000.0916020242762668
+0000.0642691989095912,+0000.8443614891328601,+0000.0913693119575481
+0000.0692518909640726,+0000.8396201785042547,+0000.0911279305316722
+0000.0744058298568426,+0000.8347162250736363,+0000.0908779450695208
+0000.0797288979361834,+0000.8296516792827352,+0000.0906194227810811
+0000.0852189082381396,+0000.8244286587701702,+0000.0903524329916897
+0000.0908736053846559,+0000.8190493474978122,+0000.0900770471175314
+0000.0966906665094878,+0000.8135159948500654,+0000.0897933386404462
+0000.1026677022120062,+0000.8078309147059973,+0000.0895013830819961
+0000.1088022575381476,+0000.8019964844849988,+0000.0892012579768533
+0000.1150918129882348,+0000.7960151441662755,+0000.0888930428454893
+0000.1215337855513371,+0000.7898893952824724,+0000.0885768191661901
+0000.1281255297655375,+0000.7836217998880538,+0000.0882526703464083
+0000.1348643388038715,+0000.7772149795026850,+0000.0879206816934429
+0000.1417474455854600,+0000.7706716140300410,+0000.0875809403844984
+0000.1487720239111480,+0000.7639944406527603,+0000.0872335354360911
+0000.1559351896236007,+0000.7571862527035508,+0000.0868785576728480
+0000.1632340017909462,+0000.7502498985133540,+0000.0865160996956992
+0000.1706654639138554,+0000.7431882802366918,+0000.0861462558494522
+0000.1782265251552135,+0000.7360043526549607,+0000.0857691221898253
+0000.1859140815922210,+0000.7287011219579097,+0000.0853847964498688
+0000.1937249774901212,+0000.7212816445040203,+0000.0849933780058580
+0000.2016560065972178,+0000.7137490255601491,+0000.0845949678426329
+0000.2097039134605334,+0000.7061064180210579,+0000.0841896685184082
+0000.2178653947616707,+0000.6983570211092492,+0000.0837775841290796
+0000.2261371006723000,+0000.6905040790556896,+0000.0833588202720100
+0000.2345156362285644,+0000.6825508797620907,+0000.0829334840093445
+0000.2429975627241993,+0000.6745007534449490,+0000.0825016838308513
+0000.2515793991212812,+0000.6663570712624229,+0000.0820635296162955
+0000.2602576234785334,+0000.6581232439240784,+0000.0816191325973877
+0000.2690286743963343,+0000.6498027202843817,+0000.0811686053192836
+0000.2778889524777641,+0000.6413989859205482,+0000.0807120616016872
+0000.2868348218053776,+0000.6329155616950692,+0000.0802496164995527
+0000.2958626114327938,+0000.6243560023038038,+0000.0797813862634020
+0000.3049686168906847,+0000.6157238948100359,+0000.0793074882992791
+0000.3141491017064948,+0000.6070228571651534,+0000.0788280411283514
+0000.3234002989371287,+0000.5982565367166868,+0000.0783431643461842
+0000.3327184127143635,+0000.5894286087039532,+0000.0778529785816831
+0000.3420996198018479,+0000.5805427747424037,+0000.0773576054557481
+0000.3515400711633497,+0000.5716027612970168,+0000.0768571675396330
+0000.3610358935417297,+0000.5626123181452284,+0000.0763517883130417
+0000.3705831910475135,+0000.5535752168305239,+0000.0758415921219618
+0000.3801780467569660,+0000.5444952491067550,+0000.0753267041362786
+0000.3898165243187057,+0000.5353762253741481,+0000.0748072503071459
+0000.3994946695681299,+0000.5262219731076975,+0000.0742833573241724
+0000.4092085121492992,+0000.5170363352782847,+0000.0737551525724155
+0000.4189540671433003,+0000.5078231687674953,+0000.0732227640892040
+0000.4287273367025489,+0000.4985863427766440,+0000.0726863205208066
+0000.4385243116904881,+0000.4893297372305336,+0000.0721459510789776
+0000.4483409733257002,+0000.4800572411769403,+0000.0716017854973592
+0000.4581732948301235,+0000.4707727511820696,+0000.0710539539878065
+0000.4680172430803945,+0000.4614801697229899,+0000.0705025871966152
+0000.4778687802617405,+0000.4521834035775757,+0000.0699478161606833
+0000.4877238655239781,+0000.4428863622123967,+0000.0693897722636250
+0000.4975784566383202,+0000.4335929561698264,+0000.0688285871918531
+0000.5074285116551904,+0000.4243070954541756,+0000.0682643928906338
+0000.5172699905615448,+0000.4150326879182977,+0000.0676973215201572
+0000.5270988569374540,+0000.4057736376509296,+0000.0671275054116164
+0000.5369110796112946,+0000.3965338433653812,+0000.0665550770233239
+0000.5467026343125645,+0000.3873171967905473,+0000.0659801688968878
+0000.5564695053219677,+0000.3781275810645940,+0000.0654029136134378
+0000.5662076871180047,+0000.3689688691320348,+0000.0648234437499600
+0000.5759131860191002,+0000.3598449221451808,+0000.0642418918357188
+0000.5855820218211457,+0000.3507595878700464,+0000.0636583903088078
+0000.5952102294292905,+0000.3417166990978766,+0000.0630730714728327
+0000.6047938604835160,+0000.3327200720627367,+0000.0624860674537470
+0000.6143289849774323,+0000.3237735048656971,+0000.0618975101568704
+0000.6238116928693531,+0000.3148807759065774,+0000.0613075312240692
+0000.6332380956852485,+0000.3060456423235871,+0000.0607162619911640
+0000.6426043281128848,+0000.2972718384415666,+0000.0601238334455482
+0000.6519065495862009,+0000.2885630742297620,+0000.0595303761840368
+0000.6611409458597264,+0000.2799230337692891,+0000.0589360203709843
+0000.6703037305721289,+0000.2713553737312238,+0000.0583408956966470
+0000.6793911467981549,+0000.2628637218659950,+0000.0577451313358500
+0000.6883994685887097,+0000.2544516755043419,+0000.0571488559069480
+0000.6973250024978991,+0000.2461228000710025,+0000.0565521974310980
+0000.7061640890969946,+0000.2378806276111353,+0000.0559552832918698
+0000.7149131044742582,+0000.2297286553305438,+0000.0553582401951978
+0000.7235684617201023,+0000.2216703441501921,+0000.0547611941297052
+0000.7321266123973468,+0000.2137091172752634,+0000.0541642703273894
+0000.7405840479952612,+0000.2058483587800249,+0000.0535675932247135
+0000.7489373013674845,+0000.1980914122084155,+0000.0529712864240999
+0000.7571829481529406,+0000.1904415791912125,+0000.0523754726558467
+0000.7653176081789168,+0000.1829021180806000,+0000.0517802737404833
+0000.7733379468463657,+0000.1754762426020693,+0000.0511858105515650
+0000.7812406764962055,+0000.1681671205248478,+0000.0505922029789465
+0000.7890225577564036,+0000.1609778723510713,+0000.0499995698925246
+0000.7966804008693769,+0000.1539115700241456,+0000.0494080291064773
+0000.8042110669986959,+0000.1469712356572918,+0000.0488176973440121
+0000.8116114695153142,+0000.1401598402820764,+0000.0482286902026091
+0000.8188785752619145,+0000.1334803026182433,+0000.0476411221198419
+0000.8260094057956059,+0000.1269354878647030,+0000.0470551063396909
+0000.8330010386080460,+0000.1205282065125024,+0000.0464707548794514
+0000.8398506083225875,+0000.1142612131802187,+0000.0458881784971937
+0000.8465553078679595,+0000.1081372054722357,+0000.0453074866598045
+0000.8531123896280836,+0000.1021588228602779,+0000.0447287875116385
+0000.8595191665673787,+0000.0963286455888785,+0000.0441521878437426
+0000.8657730133312982,+0000.0906491936049736,+0000.0435777930637279
+0000.8718713673214727,+0000.0851229255122755,+0000.0430057071662514
+0000.8778117297450984,+0000.0797522375507652,+0000.0424360327041363
+0000.8835916666381812,+0000.0745394626016600,+0000.0418688707601586
+0000.8892088098621568,+0000.0694868692183942,+0000.0413043209194488
+0000.8946608580733870,+0000.0645966606839903,+0000.0407424812426226
+0000.8999455776654707,+0000.0598709740949918,+0000.0401834482395372
+0000.9050608036834868,+0000.0553118794727526,+0000.0396273168437605
+0000.9100044407102643,+0000.0509213789020011,+0000.0390741803877343
+0000.9147744637240236,+0000.0467014056973391,+0000.0385241305786372
+0000.9193689189270882,+0000.0426538235979412,+0000.0379772574749704
+0000.9237859245455300,+0000.0387804259906163,+0000.0374336494638533
+0000.9280236715990471,+0000.0350829351618966,+0000.0368933932390564
+0000.9320804246411345,+0000.0315630015790904,+0000.0363565737797748
+0000.9359545224690117,+0000.0282222032008497,+0000.0358232743301383
+0000.9396443788030416,+0000.0250620448174722,+0000.0352935763794858
+0000.9431484829355784,+0000.0220839574210480,+0000.0347675596433735
+0000.9464654003485443,+0000.0192892976060692,+0000.0342453020453863
+0000.9495937732999902,+0000.0166793470003316,+0000.0337268796996780
+0000.9525323213790419,+0000.0142553117266371,+0000.0332123668943211
+0000.9552798420290752,+0000.0120183218954999,+0000.0327018360754249
+0000.9578352110390991,+0000.0099694311288748,+0000.0321953578320260
+0000.9601973830028194,+0000.0081096161153689,+0000.0316930008818117
+0000.9623653917455089,+0000.0064397761969031,+0000.0311948320575880
+0000.9643383507183186,+0000.0049607329870904,+0000.0307009162945910
+0000.9661154533599124,+0000.0036732300215147,+0000.0302113166185727
+0000.9676959734253227,+0000.0025779324399693,+0000.0297260941347078
+0000.9690792652818273,+0000.0016754267008491,+0000.0292453080173235
+0000.9702647641718045,+0000.0009662203278022,+0000.0287690155003930
+0000.9712519864423468,+0000.0004507416887324,+0000.0282972718689207
+0000.9720405297416753,+0000.0001293398072565,+0000.0278301304510681
+0000.9726300731821690,+0000.0000022842066846,+0000.0273676426111464
+0000.9730203774699733,+0000.0000697647865968,+0000.0269098577434297
+0000.9732112850011927,+0000.0003318917320650,+0000.0264568232667420
+0000.9732027199245075,+0000.0007886954555526,+0000.0260085846199398
+0000.9729946881703216,+0000.0014401265715274,+0000.0255651852581506
+0000.9725872774463504,+0000.0022860559037830,+0000.0251266666498666
+0000.9719806571996408,+0000.0033262745254869,+0000.0246930682748723
+0000.9711750785451337,+0000.0045604938319238,+0000.0242644276229422
+0000.9701708741606805,+0000.0059883456458902,+0000.0238407801934294
+0000.9689684581486137,+0000.0076093823557785,+0000.0234221594956077
+0000.9675683258639881,+0000.0094230770861320,+0000.0230085970498798
+0000.9659710537094079,+0000.0114288239008207,+0000.0226001223897713
+0000.9641772988967190,+0000.0136259380385382,+0000.0221967630647429
+0000.9621877991755068,+0000.0160136561806623,+0000.0217985446438307
+0000.9600033725285461,+0000.0185911367513914,+0000.0214054907200622
+0000.9576249168344642,+0000.0213574602498249,+0000.0210176229157107
+0000.9550534094975125,+0000.0243116296141676,+0000.0206349608883197
+0000.9522899070448172,+0000.0274525706176422,+0000.0202575223375405
+0000.9493355446912014,+0000.0307791322960368,+0000.0198853230127616
+0000.9461915358716277,+0000.0342900874068648,+0000.0195183767215074
+0000.9428591717417718,+0000.0379841329195773,+0000.0191566953386507
+0000.9393398206465468,+0000.0418598905370994,+0000.0188002888163539
+0000.9356349275570661,+0000.0459159072480852,+0000.0184491651948485
+0000.9317460134762479,+0000.0501506559098504,+0000.0181033306139017
+0000.9276746748130985,+0000.0545625358617949,+0000.0177627893251064
+0000.9234225827263012,+0000.0591498735688089,+0000.0174275437048901
+0000.9189914824369569,+0000.0639109232947841,+0000.0170975942682590
+0000.9143831925110858,+0000.0688438678055791,+0000.0167729396833351
+0000.9095996041120529,+0000.0739468191014090,+0000.0164535767865380
+0000.9046426802232571,+0000.0792178191781704,+0000.0161395005985724
+0000.8995144548412772,+0000.0846548408176346,+0000.0158307043410880
+0000.8942170321400771,+0000.0902557884059005,+0000.0155271794540224
+0000.8887525856063153,+0000.0960184987799669,+0000.0152289156137178
+0000.8831233571463326,+0000.1019407421020392,+0000.0149359007516283
+0000.8773316561651123,+0000.1080202227610960,+0000.0146481210737918
+0000.8713798586174528,+0000.1142545803016163,+0000.0143655610809308
+0000.8652704060320552,+0000.1206413903787576,+0000.0140882035891872
+0000.8590058045085978,+0000.1271781657398155,+0000.0138160297515864
+0000.8525886236884356,+0000.1338623572315244,+0000.0135490190800400
+0000.8460214956993031,+0000.1406913548326283,+0000.0132871494680687
+0000.8393071140741728,+0000.1476624887117498,+0000.0130303972140773
+0000.8324482326453806,+0000.1547730303093442,+0000.0127787370452750
+0000.8254476644137081,+0000.1620201934441197,+0000.0125321421421722
+0000.8183082803932136,+0000.1694011354431241,+0000.0122905841636621
+0000.8110330084326918,+0000.1769129582946183,+0000.0120540332726897
+0000.8036248320133115,+0000.1845527098242365,+0000.0118224581624519
+0000.7960867890239831,+0000.1923173848928354,+0000.0115958260831813
+0000.7884219705140303,+0000.2002039266165375,+0000.0113741028694323
+0000.7806335194243594,+0000.2082092276077323,+0000.0111572529679082
+0000.7727246292972638,+0000.2163301312369430,+0000.0109452394657932
+0000.7646985429655981,+0000.2245634329148296,+0000.0107380241195723
+0000.7565585512215823,+0000.2329058813940632,+0000.0105355673843542
+0000.7483079914662569,+0000.2413541800900968,+0000.0103378284436460
+0000.7399502463396330,+0000.2499049884207898,+0000.0101447652395771
+0000.7314887423323676,+0000.2585549231640422,+0000.0099563345035901
+0000.7229269483795955,+0000.2673005598328577,+0000.0097724917875467
+0000.7142683744373219,+0000.2761384340674486,+0000.0095931914952291
+0000.7055165700418723,+0000.2850650430438562,+0000.0094183869142716
+0000.6966751228535659,+0000.2940768468979752,+0000.0092480302484587
+0000.6877476571844050,+0000.3031702701652006,+0000.0090820726503942
+0000.6787378325107704,+0000.3123417032347011,+0000.0089204642545286
+0000.6696493419720794,+0000.3215875038174138,+0000.0087631542105069
+0000.6604859108554161,+0000.3309039984276712,+0000.0086100907169125
+0000.6512512950669801,+0000.3402874838778235,+0000.0084612210551960
+0000.6419492795911667,+0000.3497342287848306,+0000.0083164916240025
+0000.6325836769377687,+0000.3592404750884526,+0000.0081758479737787
+0000.6231583255777502,+0000.3688024395807100,+0000.0080392348415399
+0000.6136770883686455,+0000.3784163154453598,+0000.0079065961859946
+0000.6041438509697089,+0000.3880782738074384,+0000.0077778752228526
+0000.5945625202483371,+0000.3977844652912981,+0000.0076530144603646
+0000.5849370226769139,+0000.4075310215880574,+0000.0075319557350287
+0000.5752713027225338,+0000.4173140570299605,+0000.0074146402475055
+0000.5655693212291117,+0000.4271296701721559,+0000.0073010085987324
+0000.5558350537923580,+0000.4369739453815242,+0000.0071910008261179
+0000.5460724891295495,+0000.4468429544305330,+0000.0070845564399173
+0000.5362856274432241,+0000.4567327580970455,+0000.0069816144597304
+0000.5264784787809530,+0000.4666394077679483,+0000.0068821134510986
+0000.5166550613903178,+0000.4765589470475397,+0000.0067859915621423
+0000.5068194000710317,+0000.4864874133686273,+0000.0066931865603408
+0000.4969755245246862,+0000.4964208396059786,+0000.0066036358693347
+0000.4871274677018023,+0000.5063552556924732,+0000.0065172766057243
+0000.4772792641480887,+0000.5162866902359458,+0000.0064340456159654
+0000.4674349483502313,+0000.5262111721365581,+0000.0063538795132104
+0000.4575985530812364,+0000.5361247322045849,+0000.0062767147141786
+0000.4477741077469587,+0000.5460234047770969,+0000.0062024874759445
+0000.4379656367338469,+0000.5559032293334232,+0000.0061311339327298
+0000.4281771577589533,+0000.5657602521083880,+0000.0060625901326587
+0000.4184126802225125,+0000.5755905277031640,+0000.0059967920743231
+0000.4086762035640235,+0000.5853901206925947,+0000.0059336757433820
+0000.3989717156228876,+0000.5951551072281158,+0000.0058731771489962
+0000.3893031910030990,+0000.6048815766367988,+0000.0058152323601020
+0000.3796745894439305,+0000.6145656330144463,+0000.0057597775416229
+0000.3700898541967066,+0000.6242033968128495,+0000.0057067489904437
+0000.3605529104084382,+0000.6337910064202705,+0000.0056560831712911
+0000.3510676635124167,+0000.6433246197352379,+0000.0056077167523452
+0000.3416379976276803,+0000.6528004157316377,+0000.0055615866406817
+0000.3322677739668514,+0000.6622145960156000,+0000.0055176300175482
+0000.3229608292533673,+0000.6715633863733557,+0000.0054757843732768
+0000.3137209741490113,+0000.6808430383089296,+0000.0054359875420587
+0000.3045519916920255,+0000.6900498305715470,+0000.0053981777364271
+0000.2954576357467908,+0000.6991800706717994,+0000.0053622935814095
+0000.2864416294651164,+0000.7082300963864446,+0000.0053282741484389
+0000.2775076637606451,+0000.7171962772504467,+0000.0052960589889081
+0000.2686593957964014,+0000.7260750160361390,+0000.0052655881674594
+0000.2599004474857695,+0000.7348627502193733,+0000.0052368022948570
+0000.2512344040086623,+0000.7435559534307924,+0000.0052096425605450
+0000.2426648123424216,+0000.7521511368927319,+0000.0051840507648460
+0000.2341951798083599,+0000.7606448508408771,+0000.0051599693507628
+0000.2258289726348584,+0000.7690336859297968,+0000.0051373414353445
+0000.2175696145370636,+0000.7773142746222271,+0000.0051161108407092
+0000.2094204853145568,+0000.7854832925608352,+0000.0050962221246080
+0000.2013849194664041,+0000.7935374599230827,+0000.0050776206105128
+0000.1934662048252428,+0000.8014735427574341,+0000.0050602524173229
+0000.1856675812107632,+0000.8092883543006678,+0000.0050440644885687
+0000.1779922391021913,+0000.8169787562766853,+0000.0050290046211230
+0000.1704433183318000,+0000.8245416601747599,+0000.0050150214934398
