+0000.0000000000000000,+0001.0000000000000000,+0000.0000000000000000
+0000.0001000090836977,+0000.9998999908537880,+0000.0000000000625146
+0000.0003999953273422,+0000.9996000036724764,+0000.0000000010001814
+0000.0008998357254040,+0000.9991001592116120,+0000.0000000050629841
+0000.0015993253247151,+0000.9984006586756766,+0000.0000000159996084
+0000.0024981773085172,+0000.9975017836359698,+0000.0000000390555133
+0000.0035960231140796,+0000.9964038959156897,+0000.0000000809702308
+0000.0048924125838414,+0000.9951074374422622,+0000.0000001499738965
+0000.0063868141500127,+0000.9936129300669748,+0000.0000002557830125
+0000.0080786150525616,+0000.9919209753519943,+0000.0000004095954441
+0000.0099671215904969,+0000.9900322543248508,+0000.0000006240846524
+0000.0120515594063418,+0000.9879475272004925,+0000.0000009133931658
+0000.0143310738036858,+0000.9856676330710217,+0000.0000012931252926
+0000.0168047300976797,+0000.9831934895632417,+0000.0000017803390786
+0000.0194715139983339,+0000.9805260924641542,+0000.0000023935375123
+0000.0223303320264609,+0000.9776665153145572,+0000.0000031526589823
+0000.0253800119620907,+0000.9746159089709191,+0000.0000040790669904
+0000.0286193033251793,+0000.9713755011356954,+0000.0000051955391256
+0000.0320468778884053,+0000.9679465958562918,+0000.0000065262553026
+0000.0356613302218546,+0000.9643305729928737,+0000.0000080967852718
+0000.0394611782693584,+0000.9605288876552380,+0000.0000099340754034
+0000.0434448639562589,+0000.9565430696089863,+0000.0000120664347547
+0000.0476107538283490,+0000.9523747226512274,+0000.0000145235204236
+0000.0519571397217146,+0000.9480255239560890,+0000.0000173363221966
+0000.0564822394632286,+0000.9434972233902743,+0000.0000205371464970
+0000.0611841976013770,+0000.9387916427989825,+0000.0000241595996407
+0000.0660610861671532,+0000.9339106752624398,+0000.0000282385704071
+0000.0711109054646702,+0000.9288562843233987,+0000.0000328102119310
+0000.0763315848912065,+0000.9236305031858669,+0000.0000379119229265
+0000.0817209837863095,+0000.9182354338854433,+0000.0000435823282473
+0000.0872768923096462,+0000.9126732464315587,+0000.0000498612587951
+0000.0929970323472020,+0000.9069461779220156,+0000.0000567897307828
+0000.0988790584455006,+0000.9010565316301378,+0000.0000644099243618
+0000.1049205587734177,+0000.8950066760649583,+0000.0000727651616239
+0000.1111190561112196,+0000.8887990440047950,+0000.0000818998839856
+0000.1174720088664278,+0000.8824361315046068,+0000.0000918596289658
+0000.1239768121160543,+0000.8759204968775790,+0000.0001026910063666
+0000.1306307986748435,+0000.8692547596512888,+0000.0001144416738676
+0000.1374312401890075,+0000.8624415994989485,+0000.0001271603120440
+0000.1443753482550650,+0000.8554837551461145,+0000.0001408965988203
+0000.1514602755633133,+0000.8483840232533175,+0000.0001557011833693
+0000.1586831170654223,+0000.8411452572751088,+0000.0001716256594688
+0000.1660409111657504,+0000.8337703662959226,+0000.0001887225383271
+0000.1735306409358024,+0000.8262623138433079,+0000.0002070452208897
+0000.1811492353514042,+0000.8186241166789575,+0000.0002266479696383
+0000.1888935705520559,+0000.8108588435680492,+0000.0002475858798950
+0000.1967604711219530,+0000.8029696140274024,+0000.0002699148506445
+0000.2047467113921284,+0000.7949595970529860,+0000.0002936915548856
+0000.2128490167632258,+0000.7868320098272470,+0000.0003189734095272
+0000.2210640650483159,+0000.7785901164068446,+0000.0003458185448393
+0000.2293884878352544,+0000.7702372263912712,+0000.0003742857734745
+0000.2378188718679521,+0000.7617766935729757,+0000.0004044345590722
+0000.2463517604460712,+0000.7532119145694692,+0000.0004363249844595
+0000.2549836548425048,+0000.7445463274380323,+0000.0004700177194629
+0000.2637110157381332,+0000.7357834102735223,+0000.0005055739883447
+0000.2725302646731545,+0000.7269266797899674,+0000.0005430555368783
+0000.2814377855145327,+0000.7179796898863908,+0000.0005825245990766
+0000.2904299259388511,+0000.7089460301975611,+0000.0006240438635879
+0000.2995029989300226,+0000.6998293246302019,+0000.0006676764397755
+0000.3086532842912171,+0000.6906332298852900,+0000.0007134858234929
+0000.3178770301703859,+0000.6813614339670419,+0000.0007615358625722
+0000.3271704545987797,+0000.6720176546791802,+0000.0008118907220400
+0000.3365297470418142,+0000.6626056381091106,+0000.0008646148490753
+0000.3459510699616301,+0000.6531291571006446,+0000.0009197729377254
+0000.3554305603907398,+0000.6435920097158649,+0000.0009774298933954
+0000.3649643315160884,+0000.6339980176867851,+0000.0010376507971262
+0000.3745484742729031,+0000.6243510248574192,+0000.0011005008696779
+0000.3841790589476417,+0000.6146548956169265,+0000.0011660454354318
+0000.3938521367894563,+0000.6049135133244131,+0000.0012343498861306
+0000.4035637416293798,+0000.5951307787261515,+0000.0013054796444689
+0000.4133098915067268,+0000.5853106083657201,+0000.0013795001275530
+0000.4230865903019299,+0000.5754569329878263,+0000.0014564767102439
+0000.4328898293751767,+0000.5655736959364226,+0000.0015364746884006
+0000.4427155892102262,+0000.5556648515477330,+0000.0016195592420408
+0000.4525598410625939,+0000.5457343635389736,+0000.0017057953984326
+0000.4624185486115885,+0000.5357862033932754,+0000.0017952479951360
+0000.4722876696154338,+0000.5258243487415564,+0000.0018879816430098
+0000.4821631575688045,+0000.5158527817419966,+0000.0019840606891986
+0000.4920409633621244,+0000.5058754874577562,+0000.0020835491801193
+0000.5019170369419099,+0000.4958964522336299,+0000.0021865108244604
+0000.5117873289714997,+0000.4859196620722881,+0000.0022930089562121
+0000.5216477924914937,+0000.4759491010107627,+0000.0024031064977435
+0000.5314943845792319,+0000.4659887494978249,+0000.0025168659229431
+0000.5413230680065627,+0000.4560425827729996,+0000.0026343492204376
+0000.5511298128953219,+0000.4461145692477699,+0000.0027556178569081
+0000.5609105983697604,+0000.4362086688897223,+0000.0028807327405169
+0000.5706614142052999,+0000.4263288316102363,+0000.0030097541844638
+0000.5803782624728975,+0000.4164789956564163,+0000.0031427418706859
+0000.5900571591783887,+0000.4066630860078922,+0000.0032797548137188
+0000.5996941358960620,+0000.3968850127792042,+0000.0034208513247338
+0000.6092852413959329,+0000.3871486696282982,+0000.0035660889757687
+0000.6188265432638442,+0000.3774579321719894,+0000.0037155245641663
+0000.6283141295139437,+0000.3678166564088181,+0000.0038692140772382
+0000.6377441101927499,+0000.3582286771500812,+0000.0040272126571690
+0000.6471126189741493,+0000.3486978064596746,+0000.0041895745661759
+0000.6564158147447516,+0000.3392278321033069,+0000.0043563531519414
+0000.6656498831788497,+0000.3298225160078191,+0000.0045276008133310
+0000.6748110383024238,+0000.3204855927311601,+0000.0047033689664161
+0000.6838955240455091,+0000.3112207679436782,+0000.0048837080108126
+0000.6928996157822928,+0000.3020317169213528,+0000.0050686672963544
+0000.7018196218582992,+0000.2929220830515874,+0000.0052582950901133
+0000.7106518851040629,+0000.2838954763521543,+0000.0054526385437829
+0000.7193927843346564,+0000.2749554720039034,+0000.0056517436614402
+0000.7280387358344642,+0000.2661056088978363,+0000.0058556552676996
+0000.7365861948265549,+0000.2573493881971719,+0000.0060644169762734
+0000.7450316569261132,+0000.2486902719149336,+0000.0062780711589531
+0000.7533716595772927,+0000.2401316815076801,+0000.0064966589150273
+0000.7616027834729238,+0000.2316769964859282,+0000.0067202200411478
+0000.7697216539564307,+0000.2233295530419111,+0000.0069487930016582
+0000.7777249424055004,+0000.2150926426950994,+0000.0071824148994001
+0000.7856093675968291,+0000.2069695109561618,+0000.0074211214470093
+0000.7933716970514435,+0000.1989633560098416,+0000.0076649469387147
+0000.8010087483600199,+0000.1910773274173269,+0000.0079139242226533
+0000.8085173904876578,+0000.1833145248386271,+0000.0081680846737149
+0000.8158945450575994,+0000.1756779967754728,+0000.0084274581669279
+0000.8231371876133545,+0000.1681707393352455,+0000.0086920730514002
+0000.8302423488586770,+0000.1607956950164990,+0000.0089619561248239
+0000.8372071158749522,+0000.1535557515164869,+0000.0092371326085607
+0000.8440286333154352,+0000.1464537405612488,+0000.0095176261233159
+0000.8507041045758937,+0000.1394924367586927,+0000.0098034586654136
+0000.8572307929411482,+0000.1326745564751672,+0000.0100946505836847
+0000.8636060227070455,+0000.1260027567359762,+0000.0103912205569783
+0000.8698271802774324,+0000.1194796341502600,+0000.0106931855723077
+0000.8758917152356045,+0000.1131077238607561,+0000.0110005609036394
+0000.8817971413899108,+0000.1068894985187491,+0000.0113133600913402
+0000.8875410377929506,+0000.1008273672847642,+0000.0116315949222852
+0000.8931210497340552,+0000.0949236748553019,+0000.0119552754106427
+0000.8985348897046010,+0000.0891807005160556,+0000.0122844097793434
+0000.9037803383357224,+0000.0836006572220375,+0000.0126190044422400
+0000.9088552453081314,+0000.0781856907048965,+0000.0129590639869722
+0000.9137575302335648,+0000.0729378786078975,+0000.0133045911585377
+0000.9184851835076121,+0000.0678592296488001,+0000.0136555868435877
+0000.9230362671334332,+0000.0629516828111257,+0000.0140120500554411
+0000.9274089155162004,+0000.0582171065639570,+0000.0143739779198427
+0000.9316013362277442,+0000.0536572981108034,+0000.0147413656614522
+0000.9356118107413184,+0000.0492739826675873,+0000.0151142065910945
+0000.9394386951358991,+0000.0450688127703500,+0000.0154924920937509
+0000.9430804207700377,+0000.0410433676126356,+0000.0158762116173270
+0000.9465354949247473,+0000.0371991524130744,+0000.0162653526621784
+0000.9498025014152689,+0000.0335375978133189,+0000.0166599007714123
+0000.9528801011714885,+0000.0300600593065365,+0000.0170598395219751
+0000.9557670327866659,+0000.0267678166968205,+0000.0174651505165135
+0000.9584621130343789,+0000.0236620735895834,+0000.0178758133760379
+0000.9609642373533387,+0000.0207439569132950,+0000.0182918057333664
+0000.9632723803000119,+0000.0180145164726067,+0000.0187131032273813
+0000.9653855959687367,+0000.0154747245331869,+0000.0191396794980764
+0000.9673030183792513,+0000.0131254754383349,+0000.0195715061824139
+0000.9690238618314447,+0000.0109675852575595,+0000.0200085529109957
+0000.9705474212271672,+0000.0090017914672970,+0000.0204507873055357
+0000.9718730723590107,+0000.0072287526638294,+0000.0208981749771601
+0000.9730002721658869,+0000.0056490483086027,+0000.0213506795255103
+0000.9739285589553575,+0000.0042631785059629,+0000.0218082625386794
+0000.9746575525925694,+0000.0030715638134772,+0000.0222708835939536
+0000.9751869546557612,+0000.0020745450848492,+0000.0227385002593895
+0000.9755165485582556,+0000.0012723833455389,+0000.0232110680962055
+0000.9756461996368839,+0000.0006652597011224,+0000.0236885406619939
+0000.9755758552068270,+0000.0002532752784048,+0000.0241708695147684
+0000.9753055445828318,+0000.0000364511993504,+0000.0246580042178179
+0000.9748353790667985,+0000.0000147285878006,+0000.0251498923454008
+0000.9741655519017565,+0000.0001879686089997,+0000.0256464794892436
+0000.9732963381922224,+0000.0005559525419005,+0000.0261477092658773
+0000.9722280947910071,+0000.0011183818842170,+0000.0266535233247761
+0000.9709612601524813,+0000.0018748784901889,+0000.0271638613573298
+0000.9694963541523914,+0000.0028249847409884,+0000.0276786611066203
+0000.9678339778742866,+0000.0039681637477017,+0000.0281978583780118
+0000.9659748133626298,+0000.0053037995868100,+0000.0287213870505603
+0000.9639196233427396,+0000.0068311975680453,+0000.0292491790892149
+0000.9616692509076024,+0000.0085495845345577,+0000.0297811645578401
+0000.9592246191717858,+0000.0104581091951961,+0000.0303172716330183
+0000.9565867308924819,+0000.0125558424888519,+0000.0308574266186662
+0000.9537566680579280,+0000.0148417779806418,+0000.0314015539614300
+0000.9507355914433431,+0000.0173148322897907,+0000.0319495762668664
+0000.9475247401345105,+0000.0199738455490732,+0000.0325014143164163
+0000.9441254310193238,+0000.0228175818955397,+0000.0330569870851365
+0000.9405390582473382,+0000.0258447299924415,+0000.0336162117602204
+0000.9367670926577457,+0000.0290539035819928,+0000.0341790037602616
+0000.9328110811757986,+0000.0324436420689061,+0000.0347452767552952
+0000.9286726461781357,+0000.0360124111342943,+0000.0353149426875700
+0000.9243534848270681,+0000.0397586033798497,+0000.0358879117930820
+0000.9198553683742876,+0000.0436805390018815,+0000.0364640926238311
+0000.9151801414341693,+0000.0477764664950243,+0000.0370433920708066
+0000.9103297212269436,+0000.0520445633853507,+0000.0376257153877060
+0000.9053060967921939,+0000.0564829369924610,+0000.0382109662153454
+0000.9001113281727992,+0000.0610896252204057,+0000.0387990466067952
+0000.8947475455698640,+0000.0658625973769469,+0000.0393898570531893
+0000.8892169484687938,+0000.0707997550209665,+0000.0399832965102399
+0000.8835218047370568,+0000.0758989328375354,+0000.0405792624254079
+0000.8776644496938071,+0000.0811578995404339,+0000.0411776507657594
+0000.8716472851519094,+0000.0865743588016257,+0000.0417783560464651
+0000.8654727784327469,+0000.0921459502073080,+0000.0423812713599451
+0000.8591434613540397,+0000.0978702502402972,+0000.0429862884056631
+0000.8526619291913744,+0000.1037447732881009,+0000.0435932975205248
+0000.8460308396135681,+0000.1097669726765207,+0000.0442021877099113
+0000.8392529115926053,+0000.1159342417281018,+0000.0448128466792930
+0000.8323309242882666,+0000.1222439148452772,+0000.0454251608664564
+0000.8252677159082830,+0000.1286932686174312,+0000.0460390154742860
+0000.8180661825440890,+0000.1352795229517752,+0000.0466542945041357
+0000.8107292769829684,+0000.1419998422272931,+0000.0472708807897387
+0000.8032600074969568,+0000.1488513364713829,+0000.0478886560316606
+0000.7956614366088710,+0000.1558310625588346,+0000.0485075008322944
+0000.7879366798363072,+0000.1629360254323422,+0000.0491272947313506
+0000.7800889044136895,+0000.1701631793444378,+0000.0497479162418725
+0000.7721213279933217,+0000.1775094291199597,+0000.0503692428867187
+0000.7640372173256029,+0000.1849716314388564,+0000.0509911512355408
+0000.7558398869192022,+0000.1925465961385867,+0000.0516135169422112
+0000.7475326976817154,+0000.2002310875355897,+0000.0522362147826953
+0000.7391190555411253,+0000.2080218257655006,+0000.0528591186933740
+0000.7306024100490216,+0000.2159154881412164,+0000.0534821018097622
+0000.7219862529657326,+0000.2239087105286122,+0000.0541050365056554
+0000.7132741168283664,+0000.2319980887389920,+0000.0547277944326418
+0000.7044695735019079,+0000.2401801799380786,+0000.0553502465600137
+0000.6955762327144565,+0000.2484515040705309,+0000.0559722632150128
+0000.6865977405767060,+0000.2568085452998507,+0000.0565937141234435
+0000.6775377780866376,+0000.2652477534627627,+0000.0572144684505998
+0000.6684000596199726,+0000.2737655455375232,+0000.0578343948425045
+0000.6591883314067575,+0000.2823583071257814,+0000.0584533614674613
+0000.6499063699951213,+0000.2910223939470122,+0000.0590712360578667
+0000.6405579807023929,+0000.2997541333452971,+0000.0596878859523100
+0000.6311469960546449,+0000.3085498258074547,+0000.0603031781379004
+0000.6216772742148802,+0000.3174057464922699,+0000.0609169792928500
+0000.6121526974009004,+0000.3263181467698480,+0000.0615291558292515
+0000.6025771702931826,+0000.3352832557707406,+0000.0621395739360771
+0000.5929546184336292,+0000.3442972819440233,+0000.0627480996223478
+0000.5832889866157790,+0000.3533564146237507,+0000.0633545987604704
+0000.5735842372670521,+0000.3624568256032086,+0000.0639589371297395
+0000.5638443488239163,+0000.3715946707161323,+0000.0645609804599515
+0000.5540733141003117,+0000.3807660914245279,+0000.0651605944751606
+0000.5442751386504062,+0000.3899672164120837,+0000.0657576449375104
+0000.5344538391259275,+0000.3991941631829005,+0000.0663519976911721
+0000.5246134416290971,+0000.4084430396645689,+0000.0669435187063343
+0000.5147579800617045,+0000.4177099458150531,+0000.0675320741232426
+0000.5048914944708233,+0000.4269909752328905,+0000.0681175302962864
+0000.4950180293923010,+0000.4362822167696198,+0000.0686997538380795
+0000.4851416321920957,+0000.4455797561443419,+0000.0692786116635625
+0000.4752663514067887,+0000.4548796775591481,+0000.0698539710340635
+0000.4653962350833301,+0000.4641780653153239,+0000.0704256996013460
+0000.4555353291192551,+0000.4734710054291631,+0000.0709936654515820
+0000.4456876756035771,+0000.4827545872471468,+0000.0715577371492761
+0000.4358573111593952,+0000.4920249050595165,+0000.0721177837810884
+0000.4260482652887520,+0000.5012780597116936,+0000.0726736749995547
+0000.4162645587202876,+0000.5105101602130138,+0000.0732252810666988
+0000.4065102017607175,+0000.5197173253417956,+0000.0737724728974871
+0000.3967891926503464,+0000.5288956852465037,+0000.0743151221031501
+0000.3871055159237993,+0000.5380413830418902,+0000.0748531010343107
+0000.3774631407761626,+0000.5471505763998910,+0000.0753862828239467
+0000.3678660194356148,+0000.5562194391342604,+0000.0759145414301249
+0000.3583180855428489,+0000.5652441627786149,+0000.0764377516785363
+0000.3488232525382582,+0000.5742209581569645,+0000.0769557893047774
+0000.3393854120574184,+0000.5831460569462036,+0000.0774685309963781
+0000.3300084323353878,+0000.5920157132300405,+0000.0779758544345718
+0000.3206961566208181,+0000.6008262050434250,+0000.0784776383357572
+0000.3114524016001153,+0000.6095738359072052,+0000.0789737624926797
+0000.3022809558326930,+0000.6182549363520378,+0000.0794641078152695
+0000.2931855781975924,+0000.6268658654312401,+0000.0799485563711674
+0000.2841699963524952,+0000.6354030122216280,+0000.0804269914258769
+0000.2752379052053247,+0000.6438627973121059,+0000.0808992974825695
+0000.2663929653994499,+0000.6522416742790569,+0000.0813653603214933
+0000.2576388018129141,+0000.6605361311480989,+0000.0818250670389871
+0000.2489790020722726,+0000.6687426918416425,+0000.0822783060860850
+0000.2404171150818730,+0000.6768579176114395,+0000.0827249673066876
+0000.2319566495688119,+0000.6848784084558983,+0000.0831649419752900
+0000.2236010726445672,+0000.6928008045211681,+0000.0835981228342649
+0000.2153538083835959,+0000.7006217874857603,+0000.0840244041306443
+0000.2072182364197444,+0000.7083380819278151,+0000.0844436816524408
+0000.1991976905605295,+0000.7159464566750069,+0000.0848558527644637
+0000.1912954574207944,+0000.7234437261356051,+0000.0852608164436006
+0000.1835147750751367,+0000.7308267516112723,+0000.0856584733135912
+0000.1758588317307461,+0000.7380924425900073,+0000.0860487256792468
+0000.1683307644202424,+0000.7452377580196329,+0000.0864314775601249
+0000.1609336577159441,+0000.7522597075604441,+0000.0868066347236119
+0000.1536705424654393,+0000.7591553528171130,+0000.0871741047174479
+0000.1465443945491215,+0000.7659218085492399,+0000.0875337969016389
+0000.1395581336604617,+0000.7725562438597584,+0000.0878856224797799
+0000.1327146221092103,+0000.7790558833610610,+0000.0882294945297288
+0000.1260166636482742,+0000.7854180083180509,+0000.0885653280336752
+0000.1194670023243139,+0000.7916399577681268,+0000.0888930399075595
+0000.1130683213533065,+0000.7977191296168731,+0000.0892125490298208
+0000.1068232420205859,+0000.8036529817099181,+0000.0895237762694961
+0000.1007343226066394,+0000.8094390328797285,+0000.0898266445136323
+0000.0948040573385085,+0000.8150748639674709,+0000.0901210786940208
+0000.0890348753676426,+0000.8205581188191491,+0000.0904070058132087
+0000.0834291397744117,+0000.8258865052557607,+0000.0906843549698277
+0000.0779891465995218,+0000.8310577960172857,+0000.0909530573831928
+0000.0727171239033146,+0000.8360698296795213,+0000.0912130464171641
+0000.0676152308525481,+0000.8409205115441709,+0000.0914642576032810
+0000.0626855568357699,+0000.8456078145010837,+0000.0917066286631467
+0000.0579301206070028,+0000.8501297798629394,+0000.0919400995300580
+0000.0533508694587262,+0000.8544845181714146,+0000.0921646123698594
+0000.0489496784239314,+0000.8586702099750321,+0000.0923801116010370
+0000.0447283495078664,+0000.8626851065781009,+0000.0925865439140328
+0000.0406886109498420,+0000.8665275307604048,+0000.0927838582897535
+0000.0368321165151377,+0000.8701958774675617,+0000.0929720060173005
+0000.0331604448176147,+0000.8736886144714932,+0000.0931509407108922
+0000.0296750986729488,+0000.8770042830010741,+0000.0933206183259774
+0000.0263775044832176,+0000.8801414983422550,+0000.0934809971745275
+0000.0232690116525655,+0000.8830989504079232,+0000.0936320379395114
+0000.0203508920346609,+0000.8858754042767922,+0000.0937737036885468
+0000.0176243394117702,+0000.8884697007015149,+0000.0939059598867150
+0000.0150904690060463,+0000.8908807565854219,+0000.0940287744085320
+0000.0127503170228933,+0000.8931075654280209,+0000.0941421175490859
+0000.0106048402267735,+0000.8951491977388965,+0000.0942459620343302
+0000.0086549155496513,+0000.8970048014198385,+0000.0943402830305104
+0000.0069013397320952,+0000.8986736021151551,+0000.0944250581527497
+0000.0053448289973485,+0000.9001549035298753,+0000.0945002674727763
+0000.0039860187583283,+0000.9014480877158877,+0000.0945658935257840
+0000.0028254633578811,+0000.9025526153256879,+0000.0946219213164313
+0000.0018636358421791,+0000.9034680258338512,+0000.0946683383239698
+0000.0011009277675175,+0000.9041939377259609,+0000.0947051345065217
+0000.0005376490405225,+0000.9047300486550158,+0000.0947323023044617
+0000.0001740277918282,+0000.9050761355652228,+0000.0947498366429490
+0000.0000102102833013,+0000.9052320547831214,+0000.0947577349335773
+0000.0000462608488348,+0000.9051977420760089,+0000.0947559970751562
+0000.0002821618687448,+0000.9049732126776378,+0000.0947446254536175
+0000.0007178137777691,+0000.9045585612811883,+0000.0947236249410429
+0000.0013530351066728,+0000.9039539619994867,+0000.0946930028938406
+0000.0021875625574439,+0000.9031596682925410,+0000.0946527691500152
+0000.0032210511120304,+0000.9021760128623652,+0000.0946029360256044
+0000.0044530741746118,+0000.9010034075151739,+0000.0945435183102143
+0000.0058831237473102,+0000.8996423429909743,+0000.0944745332617156
+0000.0075106106392669,+0000.8980933887606840,+0000.0943960006000491
+0000.0093348647090385,+0000.8963571927907756,+0000.0943079425001857
+0000.0113551351401630,+0000.8944344812756183,+0000.0942103835842188
+0000.0135705907498570,+0000.8923260583375412,+0000.0941033509126021
+0000.0159803203305606,+0000.8900328056949041,+0000.0939868739745355
+0000.0185833330244258,+0000.8875556822980841,+0000.0938609846774902
+0000.0213785587303707,+0000.8848957239337155,+0000.0937257173359139
+0000.0243648485436689,+0000.8820540427972717,+0000.0935811086590592
+0000.0275409752278248,+0000.8790318270341667,+0000.0934271977380086
+0000.0309056337185825,+0000.8758303402495690,+0000.0932640260318485
+0000.0344574416598779,+0000.8724509209870934,+0000.0930916373530288
+0000.0381949399713899,+0000.8688949821767182,+0000.0929100778518919
+0000.0421165934476316,+0000.8651640105519718,+0000.0927193960003969
+0000.0462207913882564,+0000.8612595660367064,+0000.0925196425750374
+0000.0505058482592514,+0000.8571832811018044,+0000.0923108706389442
+0000.0549700043848255,+0000.8529368600919538,+0000.0920931355232206
+0000.0596114266697853,+0000.8485220785227556,+0000.0918664948074593
+0000.0644282093518937,+0000.8439407823485892,+0000.0916310082995175
+0000.0694183747840912,+0000.8391948872014268,+0000.0913867380144820
+0000.0745798742461299,+0000.8342863776009635,+0000.0911337481529068
+0000.0799105887854596,+0000.8292173061362612,+0000.0908721050782795
+0000.0854083300867363,+0000.8239897926195205,+0000.0906018772937430
+0000.0910708413699144,+0000.8186060232119969,+0000.0903231354180888
+0000.0968957983163189,+0000.8130682495226618,+0000.0900359521610193
+0000.1028808100224911,+0000.8073787876798098,+0000.0897404022976992
+0000.1090234199812194,+0000.8015400173761922,+0000.0894365626425881
+0000.1153211070894852,+0000.7955543808879136,+0000.0891245120226011
+0000.1217712866830076,+0000.7894243820674398,+0000.0888043312495526
+0000.1283713115967282,+0000.7831525853113150,+0000.0884761030919570
+0000.1351184732508784,+0000.7767416145029783,+0000.0881399122461433
+0000.1420100027623258,+0000.7701941519309454,+0000.0877958453067288
+0000.1490430720806533,+0000.7635129371828953,+0000.0874439907364517
+0000.1562147951483172,+0000.7567007660163124,+0000.0870844388353706
+0000.1635222290847705,+0000.7497604892057764,+0000.0867172817094530
+0000.1709623753937598,+0000.7426950113676833,+0000.0863426132385571
+0000.1785321811935276,+0000.7355072897626468,+0000.0859605290438257
+0000.1862285404691525,+0000.7282003330763560,+0000.0855711264544913
+0000.1940482953467407,+0000.7207772001791261,+0000.0851745044741331
+0000.2019882373889813,+0000.7132409988646509,+0000.0847707637463678
+0000.2100451089111773,+0000.7055948845688170,+0000.0843600065200054
+0000.2182156043176808,+0000.6978420590686365,+0000.0839423366136826
+0000.2264963714578317,+0000.6899857691621857,+0000.0835178593799826
+0000.2348840130011086,+0000.6820293053298312,+0000.0830866816690603
+0000.2433750878305642,+0000.6739760003776540,+0000.0826489117917817
+0000.2519661124544287,+0000.6658292280631740,+0000.0822046594823973
+0000.2606535624349373,+0000.6575924017043008,+0000.0817540358607618
+0000.2694338738340621,+0000.6492689727718215,+0000.0812971533941164
+0000.2783034446752521,+0000.6408624294663089,+0000.0808341258584390
+0000.2872586364208423,+0000.6323762952797563,+0000.0803650682994012
+0000.2962957754645691,+0000.6238141275425119,+0000.0798900969929189
+0000.3054111546381665,+0000.6151795159565046,+0000.0794093294053290
+0000.3146010347319654,+0000.6064760811148294,+0000.0789228841532053
+0000.3238616460284676,+0000.5977074730087056,+0000.0784308809628267
+0000.3331891898485651,+0000.5888773695221200,+0000.0779334406293153
+0000.3425798401093640,+0000.5799894749151774,+0000.0774306849754587
+0000.3520297448934440,+0000.5710475182963196,+0000.0769227368102364
+0000.3615350280287635,+0000.5620552520841798,+0000.0764097198870565
+0000.3710917906781249,+0000.5530164504601355,+0000.0758917588617397
+0000.3806961129383098,+0000.5439349078114497,+0000.0753689792502406
+0000.3903440554476122,+0000.5348144371662452,+0000.0748415073861425
+0000.4000316610015032,+0000.5256588686205629,+0000.0743094703779340
+0000.4097549561753310,+0000.5164720477585832,+0000.0737729960660860
+0000.4195099529538906,+0000.5072578340661638,+0000.0732322129799457
+0000.4292926503669590,+0000.4980200993385769,+0000.0726872502944641
+0000.4390990361298850,+0000.4887627260833411,+0000.0721382377867738
+0000.4489250882890655,+0000.4794896059182999,+0000.0715853057926345
+0000.4587667768711919,+0000.4702046379660434,+0000.0710285851627646
+0000.4686200655360013,+0000.4609117272449330,+0000.0704682072190655
+0000.4784809132312063,+0000.4516147830580127,+0000.0699043037107811
+0000.4883452758497476,+0000.4423177173796763,+0000.0693370067705760
+0000.4982091078880517,+0000.4330244432413740,+0000.0687664488705743
+0000.5080683641050102,+0000.4237388731166228,+0000.0681927627783668
+0000.5179190011805705,+0000.4144649173064256,+0000.0676160815130039
+0000.5277569793737571,+0000.4052064823252501,+0000.0670365383009925
+0000.5375782641792038,+0000.3959674692884821,+0000.0664542665323139
+0000.5473788279812819,+0000.3867517723022396,+0000.0658693997164787
+0000.5571546517056336,+0000.3775632768557284,+0000.0652820714386381
+0000.5669017264670965,+0000.3684058582171440,+0000.0646924153157595
+0000.5766160552134436,+0000.3592833798336513,+0000.0641005649529052
+0000.5862936543641313,+0000.3501996917362665,+0000.0635066538996023
+0000.5959305554436702,+0000.3411586289499886,+0000.0629108156063410
+0000.6055228067087921,+0000.3321640099099961,+0000.0623131833812118
+0000.6150664747685036,+0000.3232196348847992,+0000.0617138903466972
+0000.6245576461968545,+0000.3143292844065089,+0000.0611130693966364
+0000.6339924291373435,+0000.3054967177092781,+0000.0605108531533784
+0000.6433669548986083,+0000.2967256711762505,+0000.0599073739251409
+0000.6526773795403513,+0000.2880198567960587,+0000.0593027636635898
+0000.6619198854493020,+0000.2793829606290384,+0000.0586971539216595
+0000.6710906829044336,+0000.2708186412839486,+0000.0580906758116177
+0000.6801860116303643,+0000.2623305284062178,+0000.0574834599634175
+0000.6892021423390466,+0000.2539222211776341,+0000.0568756364833193
+0000.6981353782585132,+0000.2455972868286658,+0000.0562673349128212
+0000.7069820566484288,+0000.2373592591636644,+0000.0556586841879067
+0000.7157385503014315,+0000.2292116370999442,+0000.0550498125986245
+0000.7244012690301155,+0000.2211578832208679,+0000.0544408477490166
+0000.7329666611386805,+0000.2132014223439094,+0000.0538319165174100
+0000.7414312148788945,+0000.2053456401040167,+0000.0532231450170886
+0000.7497914598895129,+0000.1975938815531392,+0000.0526146585573479
+0000.7580439686187039,+0000.1899494497763101,+0000.0520065816049861
+0000.7661853577292155,+0000.1824156045246106,+0000.0513990377461738
+0000.7742122894848834,+0000.1749955608663118,+0000.0507921496488046
+0000.7821214731188375,+0000.1676924878558936,+0000.0501860390252689
+0000.7899096661822264,+0000.1605095072220703,+0000.0495808265957031
+0000.7975736758732473,+0000.1534496920750358,+0000.0489766320517170
+0000.8051103603455939,+0000.1465160656337940,+0000.0483735740206120
+0000.8125166299961695,+0000.1397115999737225,+0000.0477717700301083
+0000.8197894487314121,+0000.1330392147950070,+0000.0471713364735807
+0000.8269258352113217,+0000.1265017762128249,+0000.0465723885758532
+0000.8339228640714881,+0000.1201020955690186,+0000.0459750403594934
+0000.8407776671216985,+0000.1138429282665823,+0000.0453794046117190
+0000.8474874345215294,+0000.1077269726266519,+0000.0447855928518185
+0000.8540494159315349,+0000.1017568687692665,+0000.0441937152991985
+0000.8604609216403545,+0000.0959351975176489,+0000.0436038808419966
+0000.8667193236668691,+0000.0902644793268198,+0000.0430161970063109
+0000.8728220568368996,+0000.0847471732370604,+0000.0424307699260399
+0000.8787666198342916,+0000.0793856758523555,+0000.0418477043133528
+0000.8845505762256999,+0000.0741823203445032,+0000.0412671034297968
+0000.8901715554588908,+0000.0691393754830649,+0000.0406890690580443
+0000.8956272538337283,+0000.0642590446919483,+0000.0401137014743230
+0000.9009154354461031,+0000.0595434651324243,+0000.0395410994214727
+0000.9060339331037337,+0000.0549947068135438,+0000.0389713600827226
+0000.9109806492140031,+0000.0506147717298675,+0000.0384045790561296
+0000.9157535566430604,+0000.0464055930272210,+0000.0378408503297186
+0000.9203506995461432,+0000.0423690341965267,+0000.0372802662573303
+0000.9247701941686410,+0000.0385068882961772,+0000.0367229175351818
+0000.9290102296174885,+0000.0348208772033647,+0000.0361688931791468
+0000.9330690686028150,+0000.0313126508944266,+0000.0356182805027584
+0000.9369450481492299,+0000.0279837867547948,+0000.0350711650959754
+0000.9406365802768522,+0000.0248357889184995,+0000.0345276308046482
+0000.9441421526512876,+0000.0218700876379256,+0000.0339877597107868
+0000.9474603292028509,+0000.0190880386836137,+0000.0334516321135354
+0000.9505897507143386,+0000.0164909227747041,+0000.0329193265109575
+0000.9535291353773094,+0000.0140799450401327,+0000.0323909195825577
+0000.9562772793166544,+0000.0118562345107504,+0000.0318664861725949
+0000.9588330570831599,+0000.0098208436426684,+0000.0313460992741717
+0000.9611954221139369,+0000.0079747478719496,+0000.0308298300141134
+0000.9633634071604431,+0000.0063188452009236,+0000.0303177476386331
+0000.9653361246840415,+0000.0048539558161715,+0000.0298099194997870
+0000.9671127672187946,+0000.0035808217384483,+0000.0293064110427572
+0000.9686926077014902,+0000.0025001065046245,+0000.0288072857938852
+0000.9700749997686114,+0000.0016123948818151,+0000.0283126053495736
+0000.9712593780202949,+0000.0009181926137677,+0000.0278224293659371
+0000.9722452582510130,+0000.0004179261996701,+0000.0273368155493170
+0000.9730322376469882,+0000.0001119427054385,+0000.0268558196475735
+0000.9736199949502289,+0000.0000005096075587,+0000.0263794954422125
+0000.9740082905891105,+0000.0000838146695637,+0000.0259078947413259
+0000.9741969667754611,+0000.0003619658511930,+0000.0254410673733460
+0000.9741859475680973,+0000.0008349912502633,+0000.0249790611816396
+0000.9739752389028227,+0000.0015028390772928,+0000.0245219220198845
+0000.9735649285888036,+0000.0023653776628723,+0000.0240696937483241
+0000.9729551862714265,+0000.0034223954977971,+0000.0236224182307764
+0000.9721462633615496,+0000.0046736013059193,+0000.0231801353325314
+0000.9711384929312540,+0000.0061186241497382,+0000.0227428829190077
+0000.9699322895760792,+0000.0077570135686400,+0000.0223106968552811
+0000.9685281492438733,+0000.0095882397497349,+0000.0218836110063918
+0000.9669266490302524,+0000.0116116937312589,+0000.0214616572384887
+0000.9651284469407688,+0000.0138266876384438,+0000.0210448654207874
+0000.9631342816199604,+0000.0162324549517191,+0000.0206332634283208
+0000.9609449720472938,+0000.0188281508071699,+0000.0202268771455366
+0000.9585614172001664,+0000.0216128523291835,+0000.0198257304706500
+0000.9559845956841150,+0000.0245855589950251,+0000.0194298453208602
+0000.9532155653303925,+0000.0277451930313098,+0000.0190392416382979
+0000.9502554627610577,+0000.0310905998421064,+0000.0186539373968360
+0000.9471055029217273,+0000.0346205484686426,+0000.0182739486096301
+0000.9437669785822285,+0000.0383337320802741,+0000.0178992893374976
+0000.9402412598054095,+0000.0422287684965514,+0000.0175299716980393
+0000.9365297933841620,+0000.0463042007402898,+0000.0171660058755482
+0000.9326341022470370,+0000.0505584976212475,+0000.0168074001317156
+0000.9285557848326548,+0000.0549900543503028,+0000.0164541608170427
+0000.9242965144331683,+0000.0595971931837527,+0000.0161062923830791
+0000.9198580385069738,+0000.0643781640976784,+0000.0157637973953480
+0000.9152421779610805,+0000.0693311454918387,+0000.0154266765470812
+0000.9104508264033597,+0000.0744542449230203,+0000.0150949286736202
+0000.9054859493650322,+0000.0797454998673513,+0000.0147685507676168
+0000.9003495834934964,+0000.0852028785115995,+0000.0144475379949041
+0000.8950438357162659,+0000.0908242805726322,+0000.0141318837111020
+0000.8895708823759436,+0000.0966075381451122,+0000.0138215794789443
+0000.8839329683367126,+0000.1025504165770287,+0000.0135166150862589
+0000.8781324060628309,+0000.1086506153724715,+0000.0132169785646978
+0000.8721715746693823,+0000.1149057691215435,+0000.0129226562090744
+0000.8660529189457733,+0000.1213134484567866,+0000.0126336325974402
+0000.8597789483520754,+0000.1278711610361578,+0000.0123498906117671
+0000.8533522359892736,+0000.1345763525514088,+0000.0120714114593181
+0000.8467754175430058,+0000.1414264077623724,+0000.0117981746946219
+0000.8400511902019737,+0000.1484186515559156,+0000.0115301582421110
+0000.8331823115509033,+0000.1555503500297343,+0000.0112673384193626
+0000.8261715984389644,+0000.1628187116001075,+0000.0110096899609282
+0000.8190219258238258,+0000.1702208881333708,+0000.0107571860428038
+0000.8117362255918039,+0000.1777539761007667,+0000.0105097983074296
+0000.8043174853547770,+0000.1854150177559055,+0000.0102674968893175
+0000.7967687472243553,+0000.1932010023344542,+0000.0100302504411906
+0000.7890931065635053,+0000.2011088672757901,+0000.0097980261607047
+0000.7812937107165058,+0000.2091354994658027,+0000.0095707898176916
+0000.7733737577176684,+0000.2172777365004132,+0000.0093485057819186
+0000.7653364949789910,+0000.2255323679696214,+0000.0091311370513878
+0000.7571852179580237,+0000.2338961367608945,+0000.0089186452810820
+0000.7489232688055757,+0000.2423657403821661,+0000.0087109908122584
+0000.7405540349948216,+0000.2509378323030231,+0000.0085081327021554
+0000.7320809479313061,+0000.2596090233145026,+0000.0083100287541915
+0000.7235074815452375,+0000.2683758829061659,+0000.0081166355485969
+0000.7148371508665315,+0000.2772349406600175,+0000.0079279084734511
+0000.7060735105826769,+0000.2861826876611129,+0000.0077438017562106
+0000.6972201535803884,+0000.2952155779240794,+0000.0075642684955326
+0000.6882807094720848,+0000.3043300298343663,+0000.0073892606935492
+0000.6792588431065968,+0000.3135224276048846,+0000.0072187292885189
+0000.6701582530660669,+0000.3227891227461203,+0000.0070526241878130
+0000.6609826701489275,+0000.3321264355498448,+0000.0068908943012278
+0000.6517358558392010,+0000.3415306565861344,+0000.0067334875746647
+0000.6424216007638477,+0000.3509980482120555,+0000.0065803510240970
+0000.6330437231380475,+0000.3605248460921398,+0000.0064314307698130
+0000.6236060671989120,+0000.3701072607300651,+0000.0062866720710230
+0000.6141125016288863,+0000.3797414790105184,+0000.0061460193605956
+0000.6045669179688097,+0000.3894236657510099,+0000.0060094162801807
+0000.5949732290218909,+0000.3991499652626307,+0000.0058768057154787
+0000.5853353672492955,+0000.4089165029189364,+0000.0057481298317679
+0000.5756572831566797,+0000.4187193867337083,+0000.0056233301096123
+0000.5659429436743659,+0000.4285547089448569,+0000.0055023473807774
+0000.5561963305305611,+0000.4384185476051556,+0000.0053851218642834
+0000.5464214386180155,+0000.4483069681793267,+0000.0052715932026579
+0000.5366222743560841,+0000.4582160251456029,+0000.0051617004983132
+0000.5268028540475681,+0000.4681417636024492,+0000.0050553823499830
+0000.5169672022314773,+0000.4780802208791454,+0000.0049525768893775
+0000.5071193500329905,+0000.4880274281491945,+0000.0048532218178152
+0000.4972633335101960,+0000.4979794120467630,+0000.0047572544430415
+0000.4874031919988826,+0000.5079321962851271,+0000.0046646117159906
+0000.4775429664565433,+0000.5178818032758062,+0000.0045752302676506
+0000.4676866978049593,+0000.5278242557490727,+0000.0044890464459681
+0000.4578384252733417,+0000.5377555783739443,+0000.0044059963527144
+0000.4480021847424627,+0000.5476717993771630,+0000.0043260158803743
+0000.4381820070891386,+0000.5575689521618662,+0000.0042490407489951
+0000.4283819165338396,+0000.5674430769231502,+0000.0041750065430104
+0000.4186059289907367,+0000.5772902222612953,+0000.0041038487479682
+0000.4088580504209892,+0000.5871064467917386,+0000.0040355027872724
+0000.3991422751901239,+0000.5968878207511530,+0000.0039699040587231
+0000.3894625844307237,+0000.6066304275982619,+0000.0039069879710145
+0000.3798229444097166,+0000.6163303656101529,+0000.0038466899801308
+0000.3702273049027897,+0000.6259837494716695,+0000.0037889456255410
+0000.3606795975746213,+0000.6355867118590711,+0000.0037336905663078
+0000.3511837343671274,+0000.6451354050159021,+0000.0036808606169709
+0000.3417436058959507,+0000.6546260023207879,+0000.0036303917832614
+0000.3323630798550709,+0000.6640546998472829,+0000.0035822202976465
+0000.3230459994316221,+0000.6734177179137366,+0000.0035362826546414
+0000.3137961817302663,+0000.6827113026239060,+0000.0034925156458280
+0000.3046174162083212,+0000.6919317273969414,+0000.0034508563947375
+0000.2955134631224566,+0000.7010752944861561,+0000.0034112423913876
+0000.2864880519875336,+0000.7101383364859082,+0000.0033736115265585
+0000.2775448800474334,+0000.7191172178267479,+0000.0033379021258190
+0000.2686876107599258,+0000.7280083362569157,+0000.0033040529831586
+0000.2599198722947672,+0000.7368081243108339,+0000.0032720033943991
+0000.2512452560466661,+0000.7455130507631411,+0000.0032416931901930
+0000.2426673151636076,+0000.7541196220676878,+0000.0032130627687048
+0000.2341895630899659,+0000.7626243837821176,+0000.0031860531279166
+0000.2258154721268519,+0000.7710239219755850,+0000.0031606058975635
+0000.2175484720090844,+0000.7793148646202738,+0000.0031366633706422
+0000.2093919484993524,+0000.7874938829660665,+0000.0031141685345814
+0000.2013492420007534,+0000.7955576928973220,+0000.0030930651019247
+0000.1934236461879476,+0000.8035030562714739,+0000.0030732975405789
+0000.1856184066571772,+0000.8113267822391447,+0000.0030548111036785
+0000.1779367195964399,+0000.8190257285446224,+0000.0030375518589380
+0000.1703817304758455,+0000.8265968028066364,+0000.0030214667175180
