+0000.9999999999999993,+0000.0000000000000000,+0000.0000000000000000,+0000.0000000000000000
+0000.9998003112076552,+0000.0000987440978751,+0000.0000009396884050,+0000.0001000050060640
+0000.9992047737545741,+0000.0003828584825800,+0000.0000124373845476,+0000.0003999303782977
+0000.9982207957518612,+0000.0008341338381112,+0000.0000455614507374,+0000.0008995089592895
+0000.9968532653952602,+0000.0014580719115478,+0000.0000903633795970,+0000.0015982993135943
+0000.9951012436449596,+0000.0022828393480805,+0000.0001202303190082,+0000.0024956866879511
+0000.9929610035436012,+0000.0033227201289162,+0000.0001253952552470,+0000.0035908810722349
+0000.9904324050307459,+0000.0045498353752167,+0000.0001348436050642,+0000.0048829159889725
+0000.9875223086055956,+0000.0059150146205144,+0000.0001920249600235,+0000.0063706518138660
+0000.9842416629466051,+0000.0074018226010040,+0000.0003037316436830,+0000.0080527828087072
+0000.9805991443825998,+0000.0090518354631335,+0000.0004211774814612,+0000.0099278426728048
+0000.9765976138897386,+0000.0109235107284340,+0000.0004846707465385,+0000.0119942046352880
+0000.9722368586171118,+0000.0130217899388868,+0000.0004912731669323,+0000.0142500782770685
+0000.9675198807206118,+0000.0152773259990809,+0000.0005092834370494,+0000.0166935098432568
+0000.9624565142147044,+0000.0176081896389804,+0000.0006129058946626,+0000.0193223902516518
+0000.9570608089298471,+0000.0200054604922452,+0000.0007992633111390,+0000.0221344672667679
+0000.9513447712142771,+0000.0225481153268917,+0000.0009797600002812,+0000.0251273534585490
+0000.9453146193983766,+0000.0253206834603168,+0000.0010661717473444,+0000.0282985253939614
+0000.9389732009079521,+0000.0283138462642570,+0000.0010676340018184,+0000.0316453188259716
+0000.9323261358729803,+0000.0314168464307776,+0000.0010920878493953,+0000.0351649298468459
+0000.9253856053843885,+0000.0345204541353339,+0000.0012395135457026,+0000.0388544269345743
+0000.9181680598365002,+0000.0376287913478291,+0000.0014923808998823,+0000.0427107679157878
+0000.9106881218834348,+0000.0408584000875067,+0000.0017226677930355,+0000.0467308102360224
+0000.9029546756184689,+0000.0443149682154222,+0000.0018190470664786,+0000.0509113090996295
+0000.8949729363945724,+0000.0479706845008740,+0000.0018074685717491,+0000.0552489105328034
+0000.8867503935644345,+0000.0516749577929433,+0000.0018344960856484,+0000.0597401525569731
+0000.8783007388195981,+0000.0552976422152482,+0000.0020201385334868,+0000.0643814804316659
+0000.8696419240938817,+0000.0588609587478169,+0000.0023278493026291,+0000.0691692678556714
+0000.8607902847303501,+0000.0625179674947626,+0000.0025919184672377,+0000.0740998293076487
+0000.8517564979791417,+0000.0663900687145180,+0000.0026840163989490,+0000.0791694169073908
+0000.8425472868727408,+0000.0704275612049471,+0000.0026509411106819,+0000.0843742108116299
+0000.8331711110607964,+0000.0744430386398121,+0000.0026755307921949,+0000.0897103195071961
+0000.8236422046750801,+0000.0782924700939194,+0000.0028915279515803,+0000.0951737972794194
+0000.8139790052065331,+0000.0820205143954216,+0000.0032398114373294,+0000.1007606689607155
+0000.8041985503833244,+0000.0858144772443862,+0000.0035200283640971,+0000.1064669440081915
+0000.7943123412279838,+0000.0898056644237007,+0000.0035933825112617,+0000.1122886118370530
+0000.7843276659682237,+0000.0939200334466116,+0000.0035306715647599,+0000.1182216290204040
+0000.7742529933846169,+0000.0979376887973978,+0000.0035474000263396,+0000.1242619177916450
+0000.7641020906016059,+0000.1017080848776733,+0000.0037844398103166,+0000.1304053847104036
+0000.7538928397116543,+0000.1053017158085929,+0000.0041574962844559,+0000.1366479481952962
+0000.7436419561257424,+0000.1089366627201376,+0000.0044358271804567,+0000.1429855539736626
+0000.7333607904051490,+0000.1127481497278770,+0000.0044768911926010,+0000.1494141686743724
+0000.7230562631461078,+0000.1166363595488625,+0000.0043776139255585,+0000.1559297633794704
+0000.7127359213981769,+0000.1203543557724317,+0000.0043814133418648,+0000.1625283094875257
+0000.7024121078357914,+0000.1237524690326497,+0000.0046296255643710,+0000.1692057975671869
+0000.6921011764550312,+0000.1269292975280547,+0000.0050112591086692,+0000.1759582669082440
+0000.6818185732934027,+0000.1301291021332436,+0000.0052705025652271,+0000.1827818220081258
+0000.6715746096502887,+0000.1334850438173043,+0000.0052677222282703,+0000.1896726243041358
+0000.6613750040884688,+0000.1368711485505970,+0000.0051269755990285,+0000.1966268717619052
+0000.6512255691463051,+0000.1400197855106209,+0000.0051138539617101,+0000.2036407913813634
+0000.6411364044289737,+0000.1427892585985992,+0000.0053636796554837,+0000.2107106573169426
+0000.6311215165632595,+0000.1453072706374197,+0000.0057383910561506,+0000.2178328217431694
+0000.6211942954027562,+0000.1478386593249588,+0000.0059633131464990,+0000.2250037321257853
+0000.6113632891871331,+0000.1505087354417885,+0000.0059080542574189,+0000.2322199211136588
+0000.6016323551842263,+0000.1531660361023836,+0000.0057236266778653,+0000.2394779820355241
+0000.5920049509562541,+0000.1555292296152730,+0000.0056912619116769,+0000.2467745575167954
+0000.5824883249854146,+0000.1574711019553686,+0000.0059342169656104,+0000.2541063560936057
+0000.5730935394027159,+0000.1591481101455192,+0000.0062881666478978,+0000.2614701838038666
+0000.5638313663475104,+0000.1608392223441654,+0000.0064664491934624,+0000.2688629621148611
+0000.5547080932230734,+0000.1626564943930015,+0000.0063536962164204,+0000.2762817161675044
+0000.5457252889913546,+0000.1644246583250980,+0000.0061265064112880,+0000.2837235462722588
+0000.5368836815169176,+0000.1658560564666607,+0000.0060746496855869,+0000.2911856123308342
+0000.5281873203949652,+0000.1668436171896007,+0000.0063039140538471,+0000.2986651483615866
+0000.5196439939714042,+0000.1675708305955082,+0000.0066256810557851,+0000.3061594943773018
+0000.5112615616917645,+0000.1683237116049038,+0000.0067486117156220,+0000.3136661149877092
+0000.5030438150335061,+0000.1691962212188393,+0000.0065773773736424,+0000.3211825863740115
+0000.4949898719940417,+0000.1699919233575542,+0000.0063116405418837,+0000.3287065641065197
+0000.4870976293878758,+0000.1704243222339856,+0000.0062422850685776,+0000.3362357633095605
+0000.4793678735855556,+0000.1704110859728635,+0000.0064530697142702,+0000.3437679707273101
+0000.4718050762411012,+0000.1701596918624327,+0000.0067341552815160,+0000.3513010766149497
+0000.4644141695397640,+0000.1699557230147987,+0000.0067970132620313,+0000.3588330941834054
+0000.4571964857708470,+0000.1698709424064242,+0000.0065704259643702,+0000.3663621458583580
+0000.4501487980466288,+0000.1696912479835832,+0000.0062735260057105,+0000.3738864279640769
+0000.4432663437369648,+0000.1691386464853250,+0000.0061908229684672,+0000.3814041868092423
+0000.4365468598801083,+0000.1681589201047313,+0000.0063804918817468,+0000.3889137281334130
+0000.4299917350710167,+0000.1669792730720224,+0000.0066155429594894,+0000.3964134488974711
+0000.4236032257962935,+0000.1658772534300292,+0000.0066176629062743,+0000.4039018578674025
+0000.4173804950883440,+0000.1648992145615550,+0000.0063427284910930,+0000.4113775618590074
+0000.4113183228998275,+0000.1638176454442160,+0000.0060248036340023,+0000.4188392280219537
+0000.4054097039965561,+0000.1623700058494312,+0000.0059347339161104,+0000.4262855562379017
+0000.3996497859006188,+0000.1605322428813728,+0000.0061026852412995,+0000.4337152859767084
+0000.3940373478101142,+0000.1585459830698058,+0000.0062894411146993,+0000.4411272280053799
+0000.3885724479728250,+0000.1566732983174156,+0000.0062339672099301,+0000.4485202864998288
+0000.3832525795471593,+0000.1549329434507434,+0000.0059210309273454,+0000.4558934460747511
+0000.3780710792418777,+0000.1530888803981256,+0000.0055943078187256,+0000.4632457325412705
+0000.3730193098259227,+0000.1509003639841479,+0000.0055041440126954,+0000.4705761821772335
+0000.3680904796464053,+0000.1483741945082138,+0000.0056514796735562,+0000.4778838461718241
+0000.3632814134749246,+0000.1457602927916289,+0000.0057904713700355,+0000.4851678223634103
+0000.3585906133706289,+0000.1432982664390168,+0000.0056838408821441,+0000.4924272793082096
+0000.3540145478487872,+0000.1409782052787917,+0000.0053458019414398,+0000.4996614449309806
+0000.3495457922738091,+0000.1385609037079012,+0000.0050237373136220,+0000.5068695667046670
+0000.3451748125556597,+0000.1358329565910399,+0000.0049413523904382,+0000.5140508784628611
+0000.3408936465809838,+0000.1328313637505851,+0000.0050703869591677,+0000.5212046027092628
+0000.3366979267159504,+0000.1298076496299775,+0000.0051644411209139,+0000.5283299825331575
+0000.3325853300544304,+0000.1269727029019408,+0000.0050156590001649,+0000.5354263080434633
+0000.3285520153091054,+0000.1242880664455495,+0000.0046670108029028,+0000.5424929074424416
+0000.3245905328970792,+0000.1215170417106301,+0000.0043633178125970,+0000.5495291075796930
+0000.3206912322483771,+0000.1184781561906944,+0000.0042964125394270,+0000.5565341990215007
+0000.3168457869186923,+0000.1152366892627829,+0000.0044100872773864,+0000.5635074365411378
+0000.3130494242899779,+0000.1120388024593904,+0000.0044637019072769,+0000.5704480713433541
+0000.3092997356513079,+0000.1090614007373369,+0000.0042834834223267,+0000.5773553801890279
+0000.3055932738888202,+0000.1062388006524928,+0000.0039392658671539,+0000.5842286595915325
+0000.3019232750954312,+0000.1033426249159761,+0000.0036669123586292,+0000.5910671876299629
+0000.2982807170898265,+0000.1002268534341511,+0000.0036222415062986,+0000.5978701879697234
+0000.2946576715501030,+0000.0969819825707345,+0000.0037235170461511,+0000.6046368288330108
+0000.2910496933670295,+0000.0938418666119265,+0000.0037421844284952,+0000.6113662555925480
+0000.2874549567676450,+0000.0909453704583617,+0000.0035420500010574,+0000.6180576227729351
+0000.2838710258605657,+0000.0882020773788522,+0000.0032168048565660,+0000.6247100919040152
+0000.2802924327937124,+0000.0853976996279377,+0000.0029870722311389,+0000.6313227953472103
+0000.2767114194487628,+0000.0824240315860313,+0000.0029697490814520,+0000.6378947998837533
+0000.2731211016389928,+0000.0793927444519014,+0000.0030610495102713,+0000.6444251043988337
+0000.2695179686637828,+0000.0765187573611817,+0000.0030506011838594,+0000.6509126727911752
+0000.2659013087075288,+0000.0739002163365688,+0000.0028420061026018,+0000.6573564688532998
+0000.2622701635318276,+0000.0714255561668623,+0000.0025488221985343,+0000.6637554581027749
+0000.2586208105568700,+0000.0689001089575934,+0000.0023705062910183,+0000.6701085741945175
+0000.2549472231428779,+0000.0662546381568526,+0000.0023834561294568,+0000.6764146825708119
+0000.2512440337105094,+0000.0636171607307944,+0000.0024662285667160,+0000.6826725769919794
+0000.2475090933519626,+0000.0611776252167666,+0000.0024322688645609,+0000.6888810125667089
+0000.2437431480136696,+0000.0589922677195718,+0000.0022258409634390,+0000.6950387433033188
+0000.2399469880267792,+0000.0569329204124917,+0000.0019755635643599,+0000.7011445279963683
+0000.2361188828653446,+0000.0548296336906776,+0000.0018543838580312,+0000.7071970995859457
+0000.2322547978556787,+0000.0526520718373441,+0000.0018980010921582,+0000.7131951292148180
+0000.2283511449719135,+0000.0505391940169197,+0000.0019724393904322,+0000.7191372216207339
+0000.2244073528670375,+0000.0486507802036255,+0000.0019199189871714,+0000.7250219479421648
+0000.2204257548234903,+0000.0470014986452252,+0000.0017248610145406,+0000.7308478855167431
+0000.2164089432696709,+0000.0454519083263580,+0000.0015255207542917,+0000.7366136276496784
+0000.2123572062564284,+0000.0438612545575211,+0000.0014637831260363,+0000.7423177560600133
+0000.2082685397742988,+0000.0422368294608550,+0000.0015358252298746,+0000.7479588055349706
+0000.2041411769121974,+0000.0407227789718348,+0000.0016007860318576,+0000.7535352580841091
+0000.1999761203310854,+0000.0394445575551976,+0000.0015337470772296,+0000.7590455750364865
+0000.1957772035475259,+0000.0383771186006237,+0000.0013574393887018,+0000.7644882384631476
+0000.1915486599820576,+0000.0373756428600259,+0000.0012139327400868,+0000.7698617644178291
+0000.1872926093090486,+0000.0363322462601349,+0000.0012104660293583,+0000.7751646784014571
+0000.1830089047675216,+0000.0352894215207448,+0000.0013061930486888,+0000.7803954806630439
+0000.1786974333101417,+0000.0343906182845455,+0000.0013593094827957,+0000.7855526389225163
+0000.1743605652703097,+0000.0337240039269054,+0000.0012808116343797,+0000.7906346191684043
+0000.1700033521066014,+0000.0332280924977185,+0000.0011286274770788,+0000.7956399279186003
+0000.1656313187584893,+0000.0327588974337656,+0000.0010426554831950,+0000.8005671283245490
+0000.1612480459159777,+0000.0322441195036333,+0000.0010930161716797,+0000.8054148184087083
+0000.1568548907774417,+0000.0317579525872352,+0000.0012055596821976,+0000.8101815969531244
+0000.1524530527262309,+0000.0314373576607908,+0000.0012435350704443,+0000.8148660545425329
+0000.1480458986326207,+0000.0313315493062580,+0000.0011557496486408,+0000.8194668024124797
+0000.1436392625880384,+0000.0313471504735609,+0000.0010310722840847,+0000.8239825146543150
+0000.1392394693119206,+0000.0313472643951894,+0000.0010013198652431,+0000.8284119464276460
+0000.1348510550544233,+0000.0312967956138507,+0000.0010982347338032,+0000.8327539145979218
+0000.1304763982230915,+0000.0312971801294684,+0000.0012191575566900,+0000.8370072640907490
+0000.1261175469812884,+0000.0314733948360252,+0000.0012382011803562,+0000.8411708570023294
+0000.1217783831568662,+0000.0318353767635625,+0000.0011426412320206,+0000.8452435988475496
+0000.1174649925823678,+0000.0322634756960923,+0000.0010470519492783,+0000.8492244797722607
+0000.1131839259347302,+0000.0326339110120015,+0000.0010695690158413,+0000.8531125940374260
+0000.1089400964777586,+0000.0329492156464115,+0000.0012035652611951,+0000.8569071226146341
+0000.1047363539292832,+0000.0333327909539079,+0000.0013235552417327,+0000.8606072998750753
+0000.1005750721699886,+0000.0338926206068410,+0000.0013199066582051,+0000.8642124005649641
+0000.0964601199671847,+0000.0346003711278752,+0000.0012177460382143,+0000.8677217628667249
+0000.0923972741584083,+0000.0353165613207917,+0000.0011513368115861,+0000.8711348277092128
+0000.0883927225771487,+0000.0359360520483128,+0000.0012200666996345,+0000.8744511586749030
+0000.0844511712657291,+0000.0364981780400498,+0000.0013802245910997,+0000.8776704261031205
+0000.0805753910115213,+0000.0371423808414185,+0000.0014898541191496,+0000.8807923740279097
+0000.0767675650885359,+0000.0379552966262322,+0000.0014603333639144,+0000.8838168049213165
+0000.0730310408101068,+0000.0388726005523374,+0000.0013527595319309,+0000.8867435991056238
+0000.0693707618039487,+0000.0397419717225294,+0000.0013145151260711,+0000.8895727513474498
+0000.0657920155815293,+0000.0404816871157065,+0000.0014219069088483,+0000.8923043903939147
+0000.0622987763615961,+0000.0411657965665988,+0000.0015966628885514,+0000.8949387641832525
+0000.0588932490331016,+0000.0419434022922368,+0000.0016871416356319,+0000.8974762070390288
+0000.0555769785406110,+0000.0428762384785566,+0000.0016296607450507,+0000.8999171222357807
+0000.0523523625150852,+0000.0438674354299614,+0000.0015182045776859,+0000.9022619974772667
+0000.0492230831550906,+0000.0447590817548208,+0000.0015063969759410,+0000.9045114381141466
+0000.0461930995712973,+0000.0454966782276325,+0000.0016440365746493,+0000.9066661856264198
+0000.0432652451582953,+0000.0461856860271642,+0000.0018219651765135,+0000.9087271036380258
+0000.0404407885391767,+0000.0469782489960032,+0000.0018858169604519,+0000.9106951455043670
+0000.0377203078736525,+0000.0479085635365616,+0000.0017997936512330,+0000.9125713349385519
+0000.0351049513436942,+0000.0488516860581130,+0000.0016865851137021,+0000.9143567774844896
+0000.0325968535597011,+0000.0496513284495926,+0000.0016991280960776,+0000.9160526898946277
+0000.0301983701236251,+0000.0502828842781465,+0000.0018583285690649,+0000.9176604170291623
+0000.0279109408115497,+0000.0508788014565274,+0000.0020288392325294,+0000.9191814184993925
+0000.0257346815392719,+0000.0515876371505684,+0000.0020604443762430,+0000.9206172369339156
+0000.0236690285468821,+0000.0524144237171949,+0000.0019470706346917,+0000.9219694771012303
+0000.0217137401984241,+0000.0532114654941949,+0000.0018349807694340,+0000.9232398135379460
+0000.0198692872689042,+0000.0538309935243969,+0000.0018697033635505,+0000.9244300158431473
+0000.0181363243171810,+0000.0542797057799100,+0000.0020420062622578,+0000.9255419636406500
+0000.0165148220587318,+0000.0547116392726441,+0000.0021959048525220,+0000.9265776338161009
+0000.0150036987918580,+0000.0552653658067215,+0000.0021918655064944,+0000.9275390698949250
+0000.0136012411198691,+0000.0559161978156624,+0000.0020542007772124,+0000.9284283602872553
+0000.0123058472239423,+0000.0564996637200777,+0000.0019468465972444,+0000.9292476424587346
+0000.0111163847646148,+0000.0568828317349578,+0000.0020016593801667,+0000.9299991241202596
+0000.0100318907556481,+0000.0571037982159674,+0000.0021792149516705,+0000.9306850960767130
+0000.0090509686925847,+0000.0573320133948825,+0000.0023090977574081,+0000.9313079201551235
+0000.0081714624216301,+0000.0576901338714586,+0000.0022684034531364,+0000.9318700002537738
+0000.0073906618164443,+0000.0581242956438789,+0000.0021112820422047,+0000.9323737604974709
+0000.0067057942615646,+0000.0584596696758178,+0000.0020128895224544,+0000.9328216465401621
+0000.0061143481383624,+0000.0585836737123997,+0000.0020858353176742,+0000.9332161428315626
+0000.0056139900702785,+0000.0585645790905961,+0000.0022616475046376,+0000.9335597833344867
+0000.0052022149031686,+0000.0585805292928045,+0000.0023621154575883,+0000.9338551403464375
+0000.0048760598939460,+0000.0587330348899721,+0000.0022861073501380,+0000.9341047978659429
+0000.0046321055636461,+0000.0589406936267433,+0000.0021158702481174,+0000.9343113305614922
+0000.0044667284427041,+0000.0590249592023770,+0000.0020310094026923,+0000.9344773029522254
+0000.0043763921296552,+0000.0588981172312435,+0000.0021202075410674,+0000.9346052830980329
+0000.0043577681641504,+0000.0586561326438059,+0000.0022882479014097,+0000.9346978512906330
+0000.0044076200880095,+0000.0584788414736978,+0000.0023559484052198,+0000.9347575900330716
+0000.0045225512616583,+0000.0584422874727554,+0000.0022481008637301,+0000.9347870604018552
+0000.0046988129482752,+0000.0584402231630940,+0000.0020721811015466,+0000.9347887827870832
+0000.0049323372748740,+0000.0582970240715215,+0000.0020054038577473,+0000.9347652347958560
+0000.0052190015793922,+0000.0579532239341973,+0000.0021089126604984,+0000.9347188618259110
+0000.0055549368795006,+0000.0575288558952128,+0000.0022641233149711,+0000.9346520839103144
+0000.0059366212078343,+0000.0571984474899664,+0000.0022976441735932,+0000.9345672871286052
+0000.0063606504774659,+0000.0570093465143582,+0000.0021631993954106,+0000.9344668036127640
+0000.0068233676695869,+0000.0568341321610436,+0000.0019896051683365,+0000.9343528950010318
+0000.0073207003055485,+0000.0565065203288438,+0000.0019450294255233,+0000.9342277499400837
+0000.0078484071624944,+0000.0559974377355679,+0000.0020606630454469,+0000.9340934920564898
+0000.0084025564450753,+0000.0554463776777364,+0000.0021988807214808,+0000.9339521851557064
+0000.0089797985745426,+0000.0550158417388377,+0000.0021985333961010,+0000.9338058262905174
+0000.0095771464224470,+0000.0547224868201431,+0000.0020440367937498,+0000.9336563299636592
+0000.0101914412083924,+0000.0544222573363323,+0000.0018807863029409,+0000.9335055151523335
+0000.0108190234066925,+0000.0539641966091652,+0000.0018616767355048,+0000.9333551032486367
+0000.0114559738411267,+0000.0533504836049248,+0000.0019868186166000,+0000.9332067239373474
+0000.0120987423132518,+0000.0527346802644947,+0000.0021046585052419,+0000.9330619189170103
+0000.0127445661751971,+0000.0522611020103220,+0000.0020721950645767,+0000.9329221367499028
+0000.0133912439894062,+0000.0519150491810515,+0000.0019049851706610,+0000.9327887216588800
+0000.0140364553038055,+0000.0515410893920769,+0000.0017595504742156,+0000.9326629048299011
+0000.0146772976850061,+0000.0510089512646569,+0000.0017679475188843,+0000.9325458035314517
+0000.0153105366295928,+0000.0503516351771110,+0000.0018994028457467,+0000.9324384253475486
+0000.0159333646104562,+0000.0497308231465483,+0000.0019941417329574,+0000.9323416705100369
+0000.0165439291696050,+0000.0492672914510756,+0000.0019324508709030,+0000.9322563285084154
+0000.0171410826495993,+0000.0489156886443431,+0000.0017601570304574,+0000.9321830716755992
+0000.0177235742951297,+0000.0485150034695504,+0000.0016389709609198,+0000.9321224512743987
+0000.0182894888749299,+0000.0479601987418137,+0000.0016754139951107,+0000.9320748983881447
+0000.0188365217055941,+0000.0473134137428849,+0000.0018093376950463,+0000.9320407268564737
+0000.0193628478738102,+0000.0467381871034794,+0000.0018788308264017,+0000.9320201341963077
+0000.0198677222881880,+0000.0463274244990410,+0000.0017916534372186,+0000.9320131997755513
+0000.0203511875312267,+0000.0460071813351229,+0000.0016217479848774,+0000.9320198831487717
+0000.0208131576244226,+0000.0456169982366434,+0000.0015298189405514,+0000.9320400251983816
+0000.0212527953529472,+0000.0450806547997592,+0000.0015931986394825,+0000.9320733512078100
+0000.0216688299327789,+0000.0444865727489438,+0000.0017251245970868,+0000.9321194727211896
+0000.0220605165538298,+0000.0439938156830988,+0000.0017677808594958,+0000.9321778869035743
+0000.0224282708209042,+0000.0436642774517267,+0000.0016594758291560,+0000.9322479758982122
+0000.0227733169226980,+0000.0433987575855363,+0000.0014989158618313,+0000.9323290096299338
+0000.0230966827786486,+0000.0430435839285928,+0000.0014395812687260,+0000.9324201520240316
+0000.0233985536202612,+0000.0425538389867326,+0000.0015271409128137,+0000.9325204664801915
+0000.0236786504016942,+0000.0420403093454413,+0000.0016521235077674,+0000.9326289167450962
+0000.0239372607676431,+0000.0416514245582284,+0000.0016669502348971,+0000.9327443644392303
+0000.0241758715405147,+0000.0414162315597205,+0000.0015423278551052,+0000.9328655690446583
+0000.0243967401976960,+0000.0412147583836589,+0000.0013973067558406,+0000.9329911946628036
+0000.0246018208904745,+0000.0409062190014707,+0000.0013721390119958,+0000.9331198210960577
+0000.0247921310041939,+0000.0404782902595967,+0000.0014796269798042,+0000.9332499517564039
+0000.0249682082949163,+0000.0400592884264462,+0000.0015924897571126,+0000.9333800135215241
+0000.0251311958797486,+0000.0397812483958122,+0000.0015792036688133,+0000.9335083520556249
+0000.0252834388028797,+0000.0396399001441268,+0000.0014434293202136,+0000.9336332317327789
+0000.0254279631383813,+0000.0394999493543362,+0000.0013192418687756,+0000.9337528456385059
+0000.0255673514548751,+0000.0392392147288726,+0000.0013281027245424,+0000.9338653310917090
+0000.0257031569567393,+0000.0388780024878107,+0000.0014500606896939,+0000.9339687798657550
+0000.0258364565276962,+0000.0385565755374956,+0000.0015457310233438,+0000.9340612369114635
+0000.0259689743225144,+0000.0383854150879056,+0000.0015049175504983,+0000.9341406930390805
+0000.0261036118518121,+0000.0383278300673530,+0000.0013634740918161,+0000.9342050839890175
+0000.0262438207638170,+0000.0382393929893732,+0000.0012644834263529,+0000.9342523028204556
+0000.0263924446741615,+0000.0380216298472273,+0000.0013057061868071,+0000.9342802192918027
+0000.0265512121132884,+0000.0377262339413695,+0000.0014358617858330,+0000.9342866921595081
+0000.0267214012030567,+0000.0374992753241445,+0000.0015097568643189,+0000.9342695666084788
+0000.0269049888421450,+0000.0374252989373677,+0000.0014430483664088,+0000.9342266638540774
+0000.0271050880533598,+0000.0374373994520605,+0000.0013017339553770,+0000.9341557785392016
+0000.0273252025247834,+0000.0373886891091251,+0000.0012314157950667,+0000.9340546925710238
+0000.0275680493223413,+0000.0372086715762325,+0000.0013020814229032,+0000.9339211976785217
+0000.0278351573171493,+0000.0369779309152544,+0000.0014338022722432,+0000.9337531094953521
+0000.0281276571738096,+0000.0368418568918136,+0000.0014822223867442,+0000.9335482635476314
+0000.0284474459104359,+0000.0368555945118851,+0000.0013924581933098,+0000.9333045013843678
+0000.0287975103038928,+0000.0369254355298909,+0000.0012573886524579,+0000.9330196655137573
+0000.0291810534822763,+0000.0369089131426981,+0000.0012184196386827,+0000.9326916137363416
+0000.0296003099208266,+0000.0367667615860552,+0000.0013146843288696,+0000.9323182441642472
+0000.0300562704319718,+0000.0366047751095024,+0000.0014414436666286,+0000.9318975107918961
+0000.0305496085930416,+0000.0365610485723734,+0000.0014619248806617,+0000.9314274179539220
+0000.0310818535677838,+0000.0366588899286708,+0000.0013532538043526,+0000.9309060026991915
+0000.0316555840120683,+0000.0367822532263363,+0000.0012308361835628,+0000.9303313265780316
+0000.0322734193134794,+0000.0367999011497712,+0000.0012251899599982,+0000.9297014895767501
+0000.0329368345185650,+0000.0367058895855776,+0000.0013426189843220,+0000.9290146569115342
+0000.0336460265176365,+0000.0366264749626654,+0000.0014584226771802,+0000.9282690758425168
+0000.0344009851017337,+0000.0366859431758669,+0000.0014500030985129,+0000.9274630686238852
+0000.0352026702977666,+0000.0368744261770061,+0000.0013278925313932,+0000.9265950109938329
+0000.0360530673049136,+0000.0370588728275769,+0000.0012247395873139,+0000.9256633202801945
+0000.0369540373053695,+0000.0371257378974752,+0000.0012537566390465,+0000.9246664681581076
+0000.0379061356999136,+0000.0371032332478726,+0000.0013876224371236,+0000.9236030086150890
+0000.0389086270342524,+0000.0371324244356619,+0000.0014873526715778,+0000.9224715958585068
+0000.0399607056827111,+0000.0373176037998202,+0000.0014507145925125,+0000.9212709759249548
+0000.0410626775183138,+0000.0376155218975751,+0000.0013218392328474,+0000.9199999613512626
+0000.0422158727841376,+0000.0378821091537414,+0000.0012446027966505,+0000.9186574152654695
+0000.0434213537036931,+0000.0380273762451944,+0000.0013090076990516,+0000.9172422623520599
+0000.0446787347686251,+0000.0381132289199167,+0000.0014545188024777,+0000.9157535175089795
+0000.0459863464873771,+0000.0382891879130861,+0000.0015341607787374,+0000.9141903048207983
+0000.0473426073921495,+0000.0386339204177381,+0000.0014716240319695,+0000.9125518481581416
+0000.0487472135773657,+0000.0390717234007280,+0000.0013436207160687,+0000.9108374423058364
+0000.0502009129221708,+0000.0394539198232868,+0000.0012987343250939,+0000.9090464329294475
+0000.0517040689788675,+0000.0397191198650458,+0000.0013985858326615,+0000.9071782253234240
+0000.0532554772456422,+0000.0399611832685357,+0000.0015510260589451,+0000.9052323134268759
+0000.0548526702436795,+0000.0403312707162906,+0000.0016077590734709,+0000.9032082999665577
+0000.0564934392823391,+0000.0408775566075996,+0000.0015231175709104,+0000.9011058865391499
+0000.0581770391886792,+0000.0414939100984871,+0000.0014042090315547,+0000.8989248416812778
+0000.0599038337986551,+0000.0420336442088342,+0000.0013975451645458,+0000.8966649768279639
+0000.0616737177841481,+0000.0424680107251867,+0000.0015321188734481,+0000.8943261526172158
+0000.0634849180555236,+0000.0429198822668836,+0000.0016868915984507,+0000.8919083080791410
+0000.0653344252679237,+0000.0435350493704927,+0000.0017190431872864,+0000.8894114821742961
+0000.0672196606951278,+0000.0443272804967214,+0000.0016172548160664,+0000.8868358039920833
+0000.0691397072645324,+0000.0451630718289439,+0000.0015157624746177,+0000.8841814584319049
+0000.0710948425785822,+0000.0459042736519881,+0000.0015522252913819,+0000.8814486584780467
+0000.0730848224515021,+0000.0465576850611939,+0000.0017198434685484,+0000.8786376490187546
+0000.0751076520267756,+0000.0472711801743022,+0000.0018724316453812,+0000.8757487361535400
+0000.0771601218458306,+0000.0481782568734425,+0000.0018793108364498,+0000.8727823104442760
+0000.0792396123934617,+0000.0492554811429995,+0000.0017660685003244,+0000.8697388379632133
+0000.0813453662584528,+0000.0503459588770608,+0000.0016898504684140,+0000.8666188243960713
+0000.0834779309867160,+0000.0513263458671327,+0000.0017729390170230,+0000.8634227841291275
+0000.0856373101391074,+0000.0522406726348864,+0000.0019707755330438,+0000.8601512416929616
+0000.0878216845763340,+0000.0532569118275239,+0000.0021166423671580,+0000.8568047612289831
+0000.0900280249382424,+0000.0544897198421355,+0000.0020982834018945,+0000.8533839718177267
+0000.0922540240262311,+0000.0558769059506506,+0000.0019795098682258,+0000.8498895601548915
+0000.0944994284254090,+0000.0572429644881657,+0000.0019353731152410,+0000.8463222339711833
+0000.0967654190811669,+0000.0584851318110714,+0000.0020667605615334,+0000.8426826885462274
+0000.0990526376578194,+0000.0596850975698165,+0000.0022906587782628,+0000.8389716059941006
+0000.1013598349196164,+0000.0610253554253898,+0000.0024251246755485,+0000.8351896849794443
+0000.1036845260764005,+0000.0625958215559858,+0000.0023819838879929,+0000.8313376684796200
+0000.1060250392193838,+0000.0642953185646935,+0000.0022633033683595,+0000.8274163388475624
+0000.1083819279482554,+0000.0659351438246032,+0000.0022564467663155,+0000.8234264814608249
+0000.1107573225560278,+0000.0674382013905296,+0000.0024356267189309,+0000.8193688493345108
+0000.1131528413602741,+0000.0689230249769949,+0000.0026799731436801,+0000.8152441605190499
+0000.1155681403459478,+0000.0705806212732960,+0000.0027981102273211,+0000.8110531281534342
+0000.1180015734995315,+0000.0724711708923617,+0000.0027307646569186,+0000.8067964909511873
+0000.1204523440350880,+0000.0744556362791526,+0000.0026170083632323,+0000.8024750113225262
+0000.1229220223371402,+0000.0763379826839483,+0000.0026505548653609,+0000.7980894401135498
+0000.1254139048901224,+0000.0780710098381241,+0000.0028746052862858,+0000.7936404799854667
+0000.1279308220559663,+0000.0798080958700122,+0000.0031323008807628,+0000.7891287811932579
+0000.1304735612614102,+0000.0817425805874781,+0000.0032288861415761,+0000.7845549720095347
+0000.1330414912829902,+0000.0839010345214326,+0000.0031377820940096,+0000.7799196921015669
+0000.1356348019739041,+0000.0861090210861564,+0000.0030325827024747,+0000.7752235942374641
+0000.1382561540194445,+0000.0881692813546843,+0000.0031072537649306,+0000.7704673108609398
+0000.1409100861199759,+0000.0900677350834005,+0000.0033707619558428,+0000.7656514168407802
+0000.1436007323775090,+0000.0919895178088695,+0000.0036333259647644,+0000.7607764238488564
+0000.1463300903878708,+0000.0941242107073769,+0000.0037028878154899,+0000.7558428110892615
+0000.1490985665143511,+0000.0964621910061824,+0000.0035881809133517,+0000.7508510615661140
+0000.1519072892026429,+0000.0987973410610224,+0000.0034937020368255,+0000.7458016676995084
+0000.1547599185064891,+0000.1009373053280443,+0000.0036076758515878,+0000.7406951003138782
+0000.1576621443993422,+0000.1029032293019493,+0000.0039028550466530,+0000.7355317712520546
+0000.1606193284811371,+0000.1049079614016903,+0000.0041606836346082,+0000.7303120264825635
+0000.1636345884120696,+0000.1071315697603910,+0000.0041976648876329,+0000.7250361769399055
+0000.1667092205357367,+0000.1095270611024434,+0000.0040591808765990,+0000.7197045374852200
+0000.1698450715684139,+0000.1118614787411879,+0000.0039760131651987,+0000.7143174365251989
+0000.1730465364519135,+0000.1139532843625735,+0000.0041249913958108,+0000.7088751877897015
+0000.1763201919223937,+0000.1158597531459120,+0000.0044420017673480,+0000.7033780531643455
+0000.1796723786216180,+0000.1178165999460608,+0000.0046847868843722,+0000.6978262345479483
+0000.1831070743868701,+0000.1199891898728536,+0000.0046838312725767,+0000.6922199044676990
+0000.1866261511190758,+0000.1222934411832231,+0000.0045211603711397,+0000.6865592473265607
+0000.1902317895537262,+0000.1244753402848801,+0000.0044483972881059,+0000.6808444728732870
+0000.1939286936153835,+0000.1263696309520858,+0000.0046258845043476,+0000.6750757909281827
+0000.1977239034311479,+0000.1280693712189361,+0000.0049533507130100,+0000.6692533746369054
+0000.2016243350963735,+0000.1298276686231647,+0000.0051706452939376,+0000.6633773509865236
+0000.2056344173807875,+0000.1317907554216877,+0000.0051269964722508,+0000.6574478307252732
+0000.2097561414073246,+0000.1338391919836061,+0000.0049397153163246,+0000.6514649512927441
+0000.2139915032459413,+0000.1357044019578751,+0000.0048752010422078,+0000.6454288937539751
+0000.2183449614865466,+0000.1372421989663521,+0000.0050729791244242,+0000.6393398604226763
+0000.2228234727034492,+0000.1385798135422917,+0000.0053986751581712,+0000.6331980385960874
+0000.2274340070529735,+0000.1399818321799972,+0000.0055805712223868,+0000.6270035895446420
+0000.2321809259114236,+0000.1415718419950573,+0000.0054905549372213,+0000.6207566771562972
+0000.2370657856275978,+0000.1431981511546155,+0000.0052785514369976,+0000.6144575117807882
+0000.2420897927194653,+0000.1445845641498595,+0000.0052192730939991,+0000.6081063700366753
+0000.2472565287940593,+0000.1456118641629640,+0000.0054280319437486,+0000.6017035750992273
+0000.2525722490398954,+0000.1464386057948009,+0000.0057396843033750,+0000.5952494608619280
+0000.2580433925088957,+0000.1473346952252559,+0000.0058775531116511,+0000.5887443591541967
+0000.2636736819810624,+0000.1483985943411717,+0000.0057390972120560,+0000.5821886264657093
+0000.2694636466518500,+0000.1494507083002001,+0000.0055029572276659,+0000.5755826878202834
+0000.2754130746583408,+0000.1502143305748069,+0000.0054455360563878,+0000.5689270587104640
+0000.2815240257454389,+0000.1505980421870774,+0000.0056556043877413,+0000.5622223276797419
+0000.2878014297255157,+0000.1507877004829090,+0000.0059417490060462,+0000.5554691207855286
+0000.2942506107150337,+0000.1510523231434466,+0000.0060289793557656,+0000.5486680867857536
+0000.3008740950275911,+0000.1514638690131711,+0000.0058421146690050,+0000.5418199212902320
+0000.3076708220145479,+0000.1518202508272461,+0000.0055835174301199,+0000.5349254097280856
+0000.3146385784292296,+0000.1518512301956216,+0000.0055247408036073,+0000.5279854505715408
+0000.3217773144078687,+0000.1514947971640608,+0000.0057268486657678,+0000.5210010397623023
+0000.3290900740786851,+0000.1509590233492850,+0000.0059776672404404,+0000.5139732353315888
+0000.3365805531967831,+0000.1505059754267427,+0000.0060103310379605,+0000.5069031403385128
+0000.3442496059946677,+0000.1501808596234778,+0000.0057776105318268,+0000.4997919238500269
+0000.3520941183689494,+0000.1497653457334639,+0000.0054996738145637,+0000.4926408620830223
+0000.3601094081606731,+0000.1490022261397459,+0000.0054370036432394,+0000.4854513620563409
+0000.3682928541825464,+0000.1478591952727586,+0000.0056230031515542,+0000.4782249473931401
+0000.3766451854179196,+0000.1465605294159916,+0000.0058310621768656,+0000.4709632229892226
+0000.3851680914575555,+0000.1453556161732939,+0000.0058084367854559,+0000.4636678555836941
+0000.3938604248722668,+0000.1442637721101014,+0000.0055352119310069,+0000.4563405910866243
+0000.4027167163900587,+0000.1430572614112805,+0000.0052427291350165,+0000.4489832930636437
+0000.4117295245163039,+0000.1414977862791200,+0000.0051747232040209,+0000.4415979660005546
+0000.4208933806436368,+0000.1395816807951745,+0000.0053381965056419,+0000.4341867420555461
+0000.4302064567326433,+0000.1375426797285207,+0000.0054990177846899,+0000.4267518457541455
+0000.4396682477470671,+0000.1356122773380572,+0000.0054239026947021,+0000.4192955722201728
+0000.4492754721440613,+0000.1337858225347712,+0000.0051184047790123,+0000.4118203005421546
+0000.4590202144831201,+0000.1318333322076061,+0000.0048179243922811,+0000.4043285289169921
+0000.4688922069524851,+0000.1295403806643254,+0000.0047445155649109,+0000.3968228968182778
+0000.4788830862405830,+0000.1269295321262374,+0000.0048812092685459,+0000.3893061723646330
+0000.4889884524495861,+0000.1242367166010608,+0000.0049936138013569,+0000.3817812171479957
+0000.4992056424094556,+0000.1216710008130460,+0000.0048723944408693,+0000.3742509623366284
+0000.5095293371920417,+0000.1192066606513010,+0000.0045455841712489,+0000.3667184179854078
+0000.5199493236151655,+0000.1166186750274639,+0000.0042452970062013,+0000.3591867043511683
+0000.5304526892349483,+0000.1137203480912796,+0000.0041678902645635,+0000.3516590724092080
+0000.5410283788725839,+0000.1105567969928637,+0000.0042759325010597,+0000.3441388916334919
+0000.5516696500202631,+0000.1073586155076696,+0000.0043421192539530,+0000.3366296152181138
+0000.5623719555526605,+0000.1043087380181022,+0000.0041845519630035,+0000.3291347544662330
+0000.5731282736449186,+0000.1013641205045702,+0000.0038497216637400,+0000.3216578841867704
+0000.5839264857717337,+0000.0983117030590161,+0000.0035591412496320,+0000.3142026699196174
+0000.5947514656496729,+0000.0949951392326213,+0000.0034805086926222,+0000.3067728864250830
+0000.6055899153636235,+0000.0914772918567167,+0000.0035603869593844,+0000.2993724058202747
+0000.6164332149372450,+0000.0879758891870429,+0000.0035857322652981,+0000.2920051636104133
+0000.6272754326122922,+0000.0846449858079988,+0000.0034044496001722,+0000.2846751319795360
+0000.6381083990687703,+0000.0814286927010028,+0000.0030765865761763,+0000.2773863216540501
+0000.6489187056686174,+0000.0781324582066198,+0000.0028060311165921,+0000.2701428050081696
+0000.6596896667853052,+0000.0746315927296002,+0000.0027300081456425,+0000.2629487323394512
+0000.6704064076396948,+0000.0710009610636845,+0000.0027843108456988,+0000.2558083204509211
+0000.6810590982777596,+0000.0674381810241733,+0000.0027769006477986,+0000.2487258200502677
+0000.6916411093050416,+0000.0640667391929020,+0000.0025866627657927,+0000.2417054887362628
+0000.7021438587440545,+0000.0608229438427227,+0000.0022816074866768,+0000.2347515899265449
+0000.7125534403386530,+0000.0575366322917697,+0000.0020415153380806,+0000.2278684120314959
+0000.7228524377995927,+0000.0541147549011890,+0000.0019725247964413,+0000.2210602825027760
+0000.7330252290183796,+0000.0506377396241076,+0000.0020054742843666,+0000.2143315570731457
+0000.7430615876637705,+0000.0472764157492315,+0000.0019754074000256,+0000.2076865891869716
+0000.7529550020733616,+0000.0441231437545824,+0000.0017921505609325,+0000.2011297036111229
+0000.7626973293039375,+0000.0411118709862894,+0000.0015256065097484,+0000.1946651932000239
+0000.7722750692039384,+0000.0381018577238803,+0000.0013257385641150,+0000.1882973345080655
+0000.7816710084409240,+0000.0350304009085305,+0000.0012681909105614,+0000.1820303997399833
+0000.7908696989792479,+0000.0319766358712380,+0000.0012850182085882,+0000.1758686469409249
+0000.7998614040860268,+0000.0290787622059554,+0000.0012435415320121,+0000.1698162921760050
+0000.8086405980033776,+0000.0263986211735472,+0000.0010832960545237,+0000.1638774847685505
+0000.8172004676086502,+0000.0238734627967275,+0000.0008697668013261,+0000.1580563027932954
+0000.8255288535826251,+0000.0213960148196837,+0000.0007183659685982,+0000.1523567656290923
+0000.8336097017707582,+0000.0189314539950931,+0000.0006760002016269,+0000.1467828440325212
+0000.8414286679193757,+0000.0165506515943120,+0000.0006822288860875,+0000.1413384516002239
+0000.8489773792487263,+0000.0143544178202352,+0000.0006407825267865,+0000.1360274204042510
+0000.8562521325361234,+0000.0123758410811920,+0000.0005185475172531,+0000.1308534788654308
+0000.8632482891516291,+0000.0105611753060660,+0000.0003702886284944,+0000.1258202469138095
+0000.8699559099032155,+0000.0088395672921613,+0000.0002732767501824,+0000.1209312460544399
+0000.8763609913990150,+0000.0072005840212713,+0000.0002485167574863,+0000.1161899078222267
+0000.8824511442368094,+0000.0057000550767571,+0000.0002492338787595,+0000.1115995668076734
+0000.8882201365832669,+0000.0043979292729768,+0000.0002184937674968,+0000.1071634403762586
+0000.8936668083405365,+0000.0033014186805551,+0000.0001471628640523,+0000.1028846101148554
