+0000.9999999999999998,+0000.0000000000000000,+0000.0000000000000000,+0000.0000000000000000
+0000.9998993128416289,+0000.0000987473712607,+0000.0000009397040323,+0000.0000010000830780
+0000.9996006521650371,+0000.0003829097692746,+0000.0000124382332285,+0000.0000039998324597
+0000.9991110460352371,+0000.0008343873844585,+0000.0000455688114800,+0000.0000089977688240
+0000.9984347567787346,+0000.0014588598914651,+0000.0000903918596780,+0000.0000159914701223
+0000.9975699715336775,+0000.0022847509584964,+0000.0001202999260819,+0000.0000249775817439
+0000.9965118348780817,+0000.0033266850416875,+0000.0001255282894156,+0000.0000359517908149
+0000.9952588273680227,+0000.0045571816666065,+0000.0001350821616995,+0000.0000489088036713
+0000.9938161982649363,+0000.0059274964871446,+0000.0001924628775273,+0000.0000638423703916
+0000.9921930705180495,+0000.0074216702078517,+0000.0003045139226811,+0000.0000807453514177
+0000.9903960749456104,+0000.0090818773581315,+0000.0004224379245443,+0000.0000996097717135
+0000.9884257843943907,+0000.0109673215001678,+0000.0004864672886224,+0000.0001204268168191
+0000.9862794483252397,+0000.0130837329092554,+0000.0004936319761304,+0000.0001431867893742
+0000.9839573156794315,+0000.0153624402125330,+0000.0005123650117326,+0000.0001678790963027
+0000.9814663065898092,+0000.0177220757409979,+0000.0006171253544730,+0000.0001944923147196
+0000.9788174187379086,+0000.0201544014110735,+0000.0008051655462407,+0000.0002230143047768
+0000.9760194301209157,+0000.0227394439089397,+0000.0009876936869825,+0000.0002534322831622
+0000.9730750961435375,+0000.0255630629914182,+0000.0010761080593565,+0000.0002857328056878
+0000.9699835645385921,+0000.0286170936186139,+0000.0010794401397487,+0000.0003199017030450
+0000.9667466024819626,+0000.0317913765554937,+0000.0011060968905544,+0000.0003559240719889
+0000.9633724896228320,+0000.0349769430712358,+0000.0012567829283793,+0000.0003937843775526
+0000.9598737485633319,+0000.0381785868976908,+0000.0015141979286743,+0000.0004334666103029
+0000.9562609566541493,+0000.0415144410999188,+0000.0017496478659893,+0000.0004749543799423
+0000.9525387239969819,+0000.0450922539791767,+0000.0018507911394097,+0000.0005182308844314
+0000.9487077671238723,+0000.0488855827056072,+0000.0018433713491354,+0000.0005632788213848
+0000.9447710020391841,+0000.0527438332746573,+0000.0018750843096304,+0000.0006100803765279
+0000.9407376427775611,+0000.0565362351265184,+0000.0020675047402261,+0000.0006586173556941
+0000.9366212788952795,+0000.0602854259001004,+0000.0023844238213815,+0000.0007088713832382
+0000.9324338350994895,+0000.0641467637350160,+0000.0026585771499325,+0000.0007608240155615
+0000.9281813466461938,+0000.0682446493452753,+0000.0027595473121962,+0000.0008144566963344
+0000.9238656707395414,+0000.0725307724505856,+0000.0027338061702795,+0000.0008697506395931
+0000.9194904095056620,+0000.0768164710100206,+0000.0027664326763261,+0000.0009266868079913
+0000.9150652001647488,+0000.0809555138887066,+0000.0029940398796301,+0000.0009852460669146
+0000.9106041619544910,+0000.0849924835316348,+0000.0033579450942089,+0000.0010454094196653
+0000.9061200401231175,+0000.0891179522117311,+0000.0036548495250775,+0000.0011071581400737
+0000.9016197936589272,+0000.0934674571697058,+0000.0037422754581224,+0000.0011704737132440
+0000.8971059244282316,+0000.0979681652840253,+0000.0036905726013985,+0000.0012353376863443
+0000.8925821969007037,+0000.1023969397538909,+0000.0037191317166045,+0000.0013017316288006
+0000.8880581077871418,+0000.1065987158158394,+0000.0039735390969480,+0000.0013696373000706
+0000.8835477236941434,+0000.1106432223376788,+0000.0043700170517151,+0000.0014390369164623
+0000.8790640431656489,+0000.1147531500622828,+0000.0046728934703935,+0000.0015099133016745
+0000.8746144101694192,+0000.1190695728959174,+0000.0047337671220186,+0000.0015822498126446
+0000.8702014425815128,+0000.1234935180332885,+0000.0046490092308543,+0000.0016560301543442
+0000.8658285186933936,+0000.1277720600683714,+0000.0046681829242116,+0000.0017312383140232
+0000.8615044157110564,+0000.1317479460930631,+0000.0049397794620269,+0000.0018078587338533
+0000.8572425576496746,+0000.1355181983248457,+0000.0053533674216166,+0000.0018858766038628
+0000.8530556257779311,+0000.1393335289139394,+0000.0056455672788442,+0000.0019652780292850
+0000.8489508099060737,+0000.1433350611013109,+0000.0056680790509958,+0000.0020460499416195
+0000.8449303199407102,+0000.1473971682449860,+0000.0055443319399583,+0000.0021281798743452
+0000.8409966127080608,+0000.1512427410970107,+0000.0055489903311679,+0000.0022116558637601
+0000.8371571899384155,+0000.1547187356975290,+0000.0058276077463263,+0000.0022964666177287
+0000.8334242734592202,+0000.1579504440849172,+0000.0062426806265773,+0000.0023826018292850
+0000.8298096906835007,+0000.1612116211179663,+0000.0065086358384779,+0000.0024700523600547
+0000.8263199745793253,+0000.1646382555247239,+0000.0064829597585210,+0000.0025588101374295
+0000.8229564446387876,+0000.1680786779653579,+0000.0063160095067237,+0000.0026488678891307
+0000.8197201512426295,+0000.1712379113695147,+0000.0063017183839397,+0000.0027402190039159
+0000.8166168245881347,+0000.1739730137958919,+0000.0065773039277821,+0000.0028328576881910
+0000.8136569911649914,+0000.1764372824914576,+0000.0069789470483504,+0000.0029267792952003
+0000.8108511569489715,+0000.1789218075738057,+0000.0072050549527239,+0000.0030219805244986
+0000.8082047660604207,+0000.1815527422251452,+0000.0071240324071976,+0000.0031184593072360
+0000.8057178405772368,+0000.1841540920374237,+0000.0069118528865946,+0000.0032162144987445
+0000.8033896234347359,+0000.1864198076832970,+0000.0068753231884321,+0000.0033152456935347
+0000.8012236701372092,+0000.1882222045541016,+0000.0071385719463798,+0000.0034155533623089
+0000.7992284168639245,+0000.1897410576727177,+0000.0075133862709293,+0000.0035171391924282
+0000.7974126799058134,+0000.1912785376047424,+0000.0076887761851319,+0000.0036200063043121
+0000.7957804825058447,+0000.1929469057726959,+0000.0075484525933301,+0000.0037241591281290
+0000.7943302464433306,+0000.1945486082143149,+0000.0072915422872786,+0000.0038296030550755
+0000.7930591182032533,+0000.1957735519197857,+0000.0072309856745413,+0000.0039363442024196
+0000.7919681952057741,+0000.1965135249995417,+0000.0074738902700822,+0000.0040443895246020
+0000.7910635517740413,+0000.1969720189537278,+0000.0078106821106340,+0000.0041537471615967
+0000.7903520692128104,+0000.1974556867055531,+0000.0079278174074271,+0000.0042644266742092
+0000.7898361402157772,+0000.1980596260043142,+0000.0077277948630388,+0000.0043764389168698
+0000.7895124089898738,+0000.1985684412535069,+0000.0074293541067770,+0000.0044897956498420
+0000.7893757690396905,+0000.1986750058989356,+0000.0073447158096961,+0000.0046045092516777
+0000.7894247150427359,+0000.1982936939236790,+0000.0075609982342513,+0000.0047205927993337
+0000.7896628284199732,+0000.1976477975044317,+0000.0078513136534725,+0000.0048380604221223
+0000.7900949484277895,+0000.1970417304733254,+0000.0079063935398126,+0000.0049569275590721
+0000.7907217638489640,+0000.1965510517012663,+0000.0076499736159429,+0000.0050772108338266
+0000.7915381025305642,+0000.1959470660378477,+0000.0073159037998674,+0000.0051989276317205
+0000.7925365925204211,+0000.1949323586120805,+0000.0072089531089248,+0000.0053220957585733
+0000.7937131296194522,+0000.1934457843431740,+0000.0073943525512409,+0000.0054467334861325
+0000.7950688195494900,+0000.1917254931526327,+0000.0076328273874145,+0000.0055728599104626
+0000.7966064966346392,+0000.1900670430548580,+0000.0076259650750267,+0000.0057004952354757
+0000.7983252132763483,+0000.1885250571025540,+0000.0073200689637384,+0000.0058296606573590
+0000.8002180840575611,+0000.1868627509011068,+0000.0069587871294279,+0000.0059603779119037
+0000.8022756050596891,+0000.1847986695127025,+0000.0068330565474576,+0000.0060926688801509
+0000.8044912255701305,+0000.1822967609354480,+0000.0069854578975512,+0000.0062265555968701
+0000.8068637389705495,+0000.1796042336846484,+0000.0071699667316650,+0000.0063620606131365
+0000.8093941521296120,+0000.1770015059382471,+0000.0071051346210059,+0000.0064992073111347
+0000.8120800843919290,+0000.1745218940704084,+0000.0067600017311432,+0000.0066380198065190
+0000.8149131757569861,+0000.1719262252098503,+0000.0063820765604054,+0000.0067785224727578
+0000.8178820619311271,+0000.1689545465814653,+0000.0062426519917752,+0000.0069207394956322
+0000.8209780367129693,+0000.1655952170658711,+0000.0063620513776382,+0000.0070646948435211
+0000.8241978788645292,+0000.1620980564754096,+0000.0064936520252071,+0000.0072104126348539
+0000.8275410723191416,+0000.1587226112021881,+0000.0063783989888184,+0000.0073579174898515
+0000.8310041280608691,+0000.1554815583257216,+0000.0060070791534754,+0000.0075072344599337
+0000.8345775702180114,+0000.1521393344959217,+0000.0056247067490583,+0000.0076583885370083
+0000.8382485667157717,+0000.1484621467662595,+0000.0054778823580762,+0000.0078114041598922
+0000.8420066665765106,+0000.1444608304629807,+0000.0055661978142560,+0000.0079663051462525
+0000.8458470453229532,+0000.1403809584388646,+0000.0056488811721126,+0000.0081231150660694
+0000.8497680735973706,+0000.1364562276761371,+0000.0054938410902670,+0000.0082818576362251
+0000.8537655773243904,+0000.1326803572634419,+0000.0051115087256291,+0000.0084425566865385
+0000.8578294197631688,+0000.1288274866157396,+0000.0047378579586186,+0000.0086052356624725
+0000.8619457894891573,+0000.1246936137446886,+0000.0045906796785713,+0000.0087699170875824
+0000.8661029943181611,+0000.1203089572005521,+0000.0046514260237311,+0000.0089366224575554
+0000.8702951033565340,+0000.1159078305619116,+0000.0046916934605714,+0000.0091053726209826
+0000.8745198596826519,+0000.1116940351632244,+0000.0045099169315613,+0000.0092761882225622
+0000.8787728965056439,+0000.1076449667994537,+0000.0041330469796645,+0000.0094490897152376
+0000.8830439371958423,+0000.1035504521948876,+0000.0037815137441012,+0000.0096240968651685
+0000.8873187437234765,+0000.0992387839854135,+0000.0036412441163290,+0000.0098012281747807
+0000.8915849462440754,+0000.0947554524450382,+0000.0036791005712118,+0000.0099805007396744
+0000.8958360558762871,+0000.0903166117705055,+0000.0036854017154263,+0000.0101619306377808
+0000.9000697157423607,+0000.0860931973082694,+0000.0034915535229907,+0000.0103455334263790
+0000.9042818933741991,+0000.0820497743695594,+0000.0031370080470448,+0000.0105313242091962
+0000.9084627243927159,+0000.0779975336115485,+0000.0028204248432430,+0000.0107193171524923
+0000.9125981254690636,+0000.0737983813763309,+0000.0026939682812442,+0000.0109095248733611
+0000.9166756359003070,+0000.0695081311990609,+0000.0027142746404120,+0000.0111019582602199
+0000.9206887716680452,+0000.0653182547541085,+0000.0026963467069397,+0000.0112966268709064
+0000.9246356083730053,+0000.0613650326321210,+0000.0025058195073662,+0000.0114935394875072
+0000.9285129728004704,+0000.0576044231611622,+0000.0021898997918587,+0000.0116927042465084
+0000.9323119591576079,+0000.0538741615239148,+0000.0019197511443500,+0000.0118941281741271
+0000.9360192111175298,+0000.0500698899607525,+0000.0018130823772765,+0000.0120978165444411
+0000.9396227490780414,+0000.0462521740930929,+0000.0018213041650639,+0000.0123037726638016
+0000.9431166331214874,+0000.0425819092425949,+0000.0017894593586545,+0000.0125119982772628
+0000.9464998711855944,+0000.0391601759666808,+0000.0016174586637159,+0000.0127224941840087
+0000.9497706353753103,+0000.0359391239856506,+0000.0013549802019508,+0000.0129352604370883
+0000.9529214824152998,+0000.0327875464878465,+0000.0011406751914874,+0000.0131502959053663
+0000.9559403094235670,+0000.0296337787093593,+0000.0010583142615230,+0000.0133675976055504
+0000.9588161380910101,+0000.0265371825071496,+0000.0010595189517889,+0000.0135871604500512
+0000.9615440518903030,+0000.0236230417787131,+0000.0010239286709852,+0000.0138089776599988
+0000.9641244231530692,+0000.0209579501254581,+0000.0008845852793317,+0000.0140330414421409
+0000.9665571822895314,+0000.0184954425154770,+0000.0006880319318607,+0000.0142593432631306
+0000.9688367763079837,+0000.0161390677584950,+0000.0005362824892239,+0000.0144878734442971
+0000.9709528026918740,+0000.0138477196510003,+0000.0004808571863791,+0000.0147186204707465
+0000.9728957195666237,+0000.0116734675785762,+0000.0004792421533389,+0000.0149515707014607
+0000.9746620209353318,+0000.0097020046782944,+0000.0004492656008688,+0000.0151867087855049
+0000.9762537771098297,+0000.0079673753595476,+0000.0003548291312861,+0000.0154240183993362
+0000.9776729873574823,+0000.0064298919743707,+0000.0002336380694870,+0000.0156634825986598
+0000.9789163119327366,+0000.0050306188407075,+0000.0001479857756604,+0000.0159050834508950
+0000.9799753878603981,+0000.0037558938792077,+0000.0001199169366993,+0000.0161488013236949
+0000.9808424323638827,+0000.0026445276293705,+0000.0001184254519067,+0000.0163946145548401
+0000.9815156190539349,+0000.0017398551192239,+0000.0001020259600528,+0000.0166424998667883
+0000.9819989272984136,+0000.0010464522804717,+0000.0000621872600449,+0000.0168924331610695
+0000.9822966108431362,+0000.0005367908459776,+0000.0000222083620378,+0000.0171443899488481
+0000.9824077397631336,+0000.0001911815335491,+0000.0000027336788344,+0000.0173983450244830
+0000.9823262011569580,+0000.0000194564006956,+0000.0000000707075522,+0000.0176542717347942
+0000.9820461617788774,+0000.0000415712824579,+0000.0000001253332926,+0000.0179121416053718
+0000.9815676079656308,+0000.0002570567101262,+0000.0000034105774641,+0000.0181719247467786
+0000.9808965009205181,+0000.0006451164445899,+0000.0000247919340512,+0000.0184335907008408
+0000.9800393954470233,+0000.0011955410231834,+0000.0000679545809129,+0000.0186971089488802
+0000.9789978285482164,+0000.0019285315726357,+0000.0001111912506654,+0000.0189624486284821
+0000.9777680070914313,+0000.0028728000522714,+0000.0001296150723672,+0000.0192295777839301
+0000.9763460947836360,+0000.0040244535379402,+0000.0001309887338926,+0000.0194984629445310
+0000.9747338791565301,+0000.0053391497665692,+0000.0001579015625978,+0000.0197690695143028
+0000.9729392312691989,+0000.0067756636342371,+0000.0002437424335749,+0000.0200413626629887
+0000.9709709097545935,+0000.0083458324877156,+0000.0003679498485193,+0000.0203153079091713
+0000.9688328324846534,+0000.0101092822688649,+0000.0004670143655444,+0000.0205908708809372
+0000.9665234522552202,+0000.0121085177018666,+0000.0005000134954807,+0000.0208680165474324
+0000.9640408330194034,+0000.0143116102372592,+0000.0005008479995250,+0000.0211467087438125
+0000.9613884084073179,+0000.0166316575240886,+0000.0005530235334577,+0000.0214269105351356
+0000.9585757458961250,+0000.0190125922603852,+0000.0007030767004151,+0000.0217085851430743
+0000.9556135718227496,+0000.0214923976739135,+0000.0009023339036875,+0000.0219916965996492
+0000.9525079616185910,+0000.0241685625258553,+0000.0010472663038959,+0000.0222762095516574
+0000.9492594035781439,+0000.0270920283737386,+0000.0010864795756808,+0000.0225620884724369
+0000.9458676296505137,+0000.0301996230848592,+0000.0010834501366131,+0000.0228492971280139
+0000.9423374316718681,+0000.0333645265574326,+0000.0011602428659815,+0000.0231377989047174
+0000.9386797314894906,+0000.0365218284119579,+0000.0013708823372050,+0000.0234275577613463
+0000.9349068623815067,+0000.0397389493126916,+0000.0016356493577317,+0000.0237185389480699
+0000.9310267118979120,+0000.0431486312617416,+0000.0018139479866187,+0000.0240107088537274
+0000.9270414728969403,+0000.0468048373175197,+0000.0018496555885424,+0000.0243040341969973
+0000.9229521952039805,+0000.0506110545382567,+0000.0018382688297760,+0000.0245984814279866
+0000.9187646278893857,+0000.0544044136032806,+0000.0019369414986170,+0000.0248940170087165
+0000.9144905980477931,+0000.0581173235187417,+0000.0022014700538124,+0000.0251906083796529
+0000.9101435831516517,+0000.0618489739408961,+0000.0025192181700577,+0000.0254882247373944
+0000.9057328385809431,+0000.0657637860296286,+0000.0027165384655555,+0000.0257868369238724
+0000.9012618344213579,+0000.0699134768847264,+0000.0027382720975376,+0000.0260864165963780
+0000.8967324959249302,+0000.0741672937069414,+0000.0027132748091068,+0000.0263869355590214
+0000.8921510426694640,+0000.0783312616038749,+0000.0028293297411794,+0000.0266883659854814
+0000.8875296795791452,+0000.0823411774469804,+0000.0031384615856958,+0000.0269906813881784
+0000.8828824931120793,+0000.0863292514906729,+0000.0034943979490477,+0000.0272938574481996
+0000.8782195932028426,+0000.0904871604027353,+0000.0036953744488024,+0000.0275978719456196
+0000.8735452338903870,+0000.0948594537991747,+0000.0036926084020304,+0000.0279027039084078
+0000.8688617127299233,+0000.0992814786146433,+0000.0036484757861608,+0000.0282083328692724
+0000.8641751804115484,+0000.1035339808307518,+0000.0037760997376444,+0000.0285147390200551
+0000.8594976480702068,+0000.1075618646371886,+0000.0041185831201872,+0000.0288219041724173
+0000.8548432378840825,+0000.1115304505482129,+0000.0044964989342675,+0000.0291298126334366
+0000.8502223664871025,+0000.1156535409283458,+0000.0046856414077690,+0000.0294384511767825
+0000.8456395473979673,+0000.1199641246041558,+0000.0046485198260779,+0000.0297478081717986
+0000.8410969222953552,+0000.1242652192757496,+0000.0045799856666128,+0000.0300578727622822
+0000.8366000175353892,+0000.1283187755926390,+0000.0047125719288735,+0000.0303686349430980
+0000.8321600717673631,+0000.1320839332874582,+0000.0050759084436059,+0000.0306800865015724
+0000.8277906685385810,+0000.1357580109544577,+0000.0054590985739245,+0000.0309922219330365
+0000.8235019853644089,+0000.1395712682343251,+0000.0056217079478104,+0000.0313050384534553
+0000.8192982762166773,+0000.1435414287370533,+0000.0055417599347894,+0000.0316185351114800
+0000.8151810108240831,+0000.1474419297476140,+0000.0054443475410581,+0000.0319327118872447
+0000.8111545573981547,+0000.1510228185729985,+0000.0055750543456289,+0000.0322475696832177
+0000.8072288339930659,+0000.1542617882853181,+0000.0059462664850636,+0000.0325631112365519
+0000.8034163471400061,+0000.1573858463828459,+0000.0063184644074807,+0000.0328793420696671
+0000.7997265278005333,+0000.1606356892957714,+0000.0064415123571453,+0000.0331962705465497
+0000.7961628928834723,+0000.1640108939153840,+0000.0063123062292882,+0000.0335139069718554
+0000.7927257723959867,+0000.1672591465960233,+0000.0061828183979257,+0000.0338322626100640
+0000.7894179004564759,+0000.1701256289715221,+0000.0063051209879117,+0000.0341513495840902
+0000.7862473926868996,+0000.1726099079314934,+0000.0066715176313356,+0000.0344711817502715
+0000.7832252108214127,+0000.1749652242695096,+0000.0070177892285312,+0000.0347917756805460
+0000.7803596038294053,+0000.1774365383178957,+0000.0070907070870453,+0000.0351131507656534
+0000.7776529485882029,+0000.1800033250968782,+0000.0069083980071187,+0000.0354353283078002
+0000.7751040487032008,+0000.1823922941595108,+0000.0067453266751836,+0000.0357583304621043
+0000.7727136184547954,+0000.1843506797215534,+0000.0068535217849079,+0000.0360821800387430
+0000.7704875867881157,+0000.1859020991067871,+0000.0072034127712200,+0000.0364069013338771
+0000.7684350033636794,+0000.1873215198406126,+0000.0075109556545620,+0000.0367325211411458
+0000.7665626003285925,+0000.1888520472208798,+0000.0075262835435839,+0000.0370590689069435
+0000.7648713138870222,+0000.1904520954455847,+0000.0072900148428132,+0000.0373865758245796
+0000.7633581428351918,+0000.1918329470446546,+0000.0070938364176316,+0000.0377150737025217
+0000.7620215123725700,+0000.1927504307458723,+0000.0071834622138166,+0000.0380445946677410
+0000.7608649029810092,+0000.1932531472650279,+0000.0075067778063848,+0000.0383751719475779
+0000.7598952086302294,+0000.1936323711146688,+0000.0077655793453150,+0000.0387068409097866
+0000.7591174321036479,+0000.1941234937823661,+0000.0077194348375214,+0000.0390396392764644
+0000.7585308912683981,+0000.1946639403227734,+0000.0074315621792579,+0000.0393736062295705
+0000.7581306297345578,+0000.1949556966859862,+0000.0072048923670916,+0000.0397087812123642
+0000.7579126493877606,+0000.1947691132634776,+0000.0072730338149443,+0000.0400452035338172
+0000.7578778596761080,+0000.1941774148693420,+0000.0075618123564749,+0000.0403829130980748
+0000.7580308937819139,+0000.1934820257518327,+0000.0077651289925768,+0000.0407219514736763
+0000.7583749481648143,+0000.1929052240214254,+0000.0076574656399756,+0000.0410623621737842
+0000.7589076798105174,+0000.1923645461746106,+0000.0073235842302258,+0000.0414041897846458
+0000.7596221658201965,+0000.1915591794604603,+0000.0070711760107393,+0000.0417474787086035
+0000.7605119950415085,+0000.1902790976648166,+0000.0071166346226288,+0000.0420922726710459
+0000.7615755300772635,+0000.1886205030747403,+0000.0073653514519612,+0000.0424386153960346
+0000.7628151823245988,+0000.1868882824400551,+0000.0075099835292881,+0000.0427865517060577
+0000.7642324045589394,+0000.1852868450300089,+0000.0073446225337392,+0000.0431361278773121
+0000.7658232882903798,+0000.1837159307748258,+0000.0069733901308920,+0000.0434873908039019
+0000.7675790734173904,+0000.1818785702313347,+0000.0067019696590413,+0000.0438403866922332
+0000.7694910904122243,+0000.1795884621084593,+0000.0067252870053372,+0000.0441951604739787
+0000.7715553238216369,+0000.1769619106803169,+0000.0069310090709318,+0000.0445517564271140
+0000.7737721422909787,+0000.1743002798453032,+0000.0070173585549898,+0000.0449102193087281
+0000.7761414516377058,+0000.1717861626800200,+0000.0068017908877778,+0000.0452705947944961
+0000.7786580046042959,+0000.1693045141192816,+0000.0064045525844867,+0000.0456329286919358
+0000.7813114658710819,+0000.1665687690593887,+0000.0061224994720001,+0000.0459972655975290
+0000.7840911968789801,+0000.1634193199705402,+0000.0061258349303543,+0000.0463636482201249
+0000.7869911058134189,+0000.1599885785445555,+0000.0062881976943756,+0000.0467321179476496
+0000.7900098242063192,+0000.1565673498617566,+0000.0063201099161691,+0000.0471027160157550
+0000.7931460270744324,+0000.1533134084724285,+0000.0060650804127480,+0000.0474754840403909
+0000.7963934707505217,+0000.1501007517704566,+0000.0056553141850377,+0000.0478504632939837
+0000.7997406224519559,+0000.1466594802071589,+0000.0053722040039263,+0000.0482276933369587
+0000.8031752800048775,+0000.1428584305391538,+0000.0053590781989152,+0000.0486072112570532
+0000.8066896894054310,+0000.1388411648670144,+0000.0054800935450871,+0000.0489890521824674
+0000.8102811554475451,+0000.1348810964661502,+0000.0054644975979394,+0000.0493732504883650
+0000.8139475351437249,+0000.1311092283748306,+0000.0051833960499968,+0000.0497598404314475
+0000.8176820228529820,+0000.1273931116181251,+0000.0047760100267065,+0000.0501488555021860
+0000.8214723571606282,+0000.1234852686115652,+0000.0045020471850703,+0000.0505403270427360
+0000.8253052675302337,+0000.1192834764206891,+0000.0044769726410940,+0000.0509342834079828
+0000.8291718366445278,+0000.1149367251734595,+0000.0045606877564019,+0000.0513307504256106
+0000.8330685288455980,+0000.1106946559898707,+0000.0045070625225220,+0000.0517297526420090
+0000.8369928632057572,+0000.1066606640300870,+0000.0042151586979872,+0000.0521313140661684
+0000.8409379687511475,+0000.1027008924416845,+0000.0038256811966604,+0000.0525354576105075
+0000.8448913845521140,+0000.0985953529114560,+0000.0035710588297033,+0000.0529422037067266
+0000.8488393247165078,+0000.0942700180797170,+0000.0035390878096847,+0000.0533515693940904
+0000.8527722589504561,+0000.0898730476717094,+0000.0035911246513097,+0000.0537635687265248
+0000.8566863395062083,+0000.0856246185789794,+0000.0035108278567262,+0000.0541782140580859
+0000.8605792608951303,+0000.0816008252638682,+0000.0032243969391866,+0000.0545955169018147
+0000.8644446115237376,+0000.0776717931462278,+0000.0028681078599310,+0000.0550154874701032
+0000.8682702855649513,+0000.0736492436916159,+0000.0026423374440698,+0000.0554381332993626
+0000.8720425567765578,+0000.0694854217782429,+0000.0026085631747086,+0000.0558634582704903
+0000.8757518472116870,+0000.0653211143004720,+0000.0026355755260234,+0000.0562914629618175
+0000.8793945309107506,+0000.0613422420505782,+0000.0025410810658413,+0000.0567221459728296
+0000.8829689882914444,+0000.0575990341954270,+0000.0022764726118575,+0000.0571555049012710
+0000.8864697838604388,+0000.0539711508870250,+0000.0019675292604234,+0000.0575915359921128
+0000.8898857105896341,+0000.0503052707834225,+0000.0017787858461712,+0000.0580302327807722
+0000.8932036618696340,+0000.0465769161856719,+0000.0017478368953509,+0000.0584715850493429
+0000.8964145551533419,+0000.0429129390361217,+0000.0017569266869043,+0000.0589155791236316
+0000.8995154888409688,+0000.0394612916743135,+0000.0016610202539886,+0000.0593621992307290
+0000.9025060007672989,+0000.0362488436299639,+0000.0014337270069812,+0000.0598114285957557
+0000.9053821047177300,+0000.0331703075620216,+0000.0011843385138959,+0000.0602632492063524
+0000.9081339896448084,+0000.0301095023444148,+0000.0010388675289693,+0000.0607176404818076
+0000.9107496777277803,+0000.0270613083545783,+0000.0010144357490318,+0000.0611745781686094
+0000.9132210670543657,+0000.0241323263755392,+0000.0010125719933115,+0000.0616340345767835
+0000.9155464170405588,+0000.0214300464784295,+0000.0009275565149786,+0000.0620959799660329
+0000.9177268220711331,+0000.0189614550748446,+0000.0007513390943697,+0000.0625603837596527
+0000.9197601422300686,+0000.0166416021292561,+0000.0005710412114853,+0000.0630272144291897
+0000.9216383807488604,+0000.0143925113875466,+0000.0004726696676553,+0000.0634964381959374
+0000.9233511147314322,+0000.0122237575998238,+0000.0004571098023139,+0000.0639680178664301
+0000.9248916188499940,+0000.0102158760510292,+0000.0004505920954743,+0000.0644419130035022
+0000.9262596542039783,+0000.0084347118752010,+0000.0003875525894302,+0000.0649180813313905
+0000.9274581699456208,+0000.0068716777596806,+0000.0002736722317279,+0000.0653964800629705
+0000.9284871658373067,+0000.0054670197039157,+0000.0001687485527434,+0000.0658770659060340
+0000.9293407718348925,+0000.0041808969897886,+0000.0001185373738045,+0000.0663597938015142
+0000.9300104366388626,+0000.0030323763534789,+0000.0001125713081488,+0000.0668446156995096
+0000.9304910928734013,+0000.0020708509385716,+0000.0001065755312442,+0000.0673314806567827
+0000.9307842244752621,+0000.0013206913621160,+0000.0000747479116048,+0000.0678203362510168
+0000.9308948109401900,+0000.0007627067043431,+0000.0000313523423748,+0000.0683111300130920
+0000.9308251609592966,+0000.0003665902234663,+0000.0000044392622009,+0000.0688038095550359
+0000.9305717180315344,+0000.0001294559033004,+0000.0000005047178721,+0000.0692983213472931
+0000.9301279907129198,+0000.0000743440631339,+0000.0000030557896777,+0000.0697946094342681
+0000.9294907189029080,+0000.0002153729069886,+0000.0000012927403171,+0000.0702926154497861
+0000.9286631956082666,+0000.0005369511411378,+0000.0000075732237865,+0000.0707922800268090
+0000.9276524701518272,+0000.0010147146607120,+0000.0000392708617645,+0000.0712935443256962
+0000.9264631931534564,+0000.0016512841550494,+0000.0000891724112637,+0000.0717963502802303
+0000.9250941715766197,+0000.0024784951510986,+0000.0001266938561648,+0000.0723006394161167
+0000.9235410234545925,+0000.0035177578675676,+0000.0001348671745582,+0000.0728063515032816
+0000.9218023047532933,+0000.0047448948702604,+0000.0001393758967700,+0000.0733134244796760
+0000.9198830625878479,+0000.0061071440247578,+0000.0001879975454060,+0000.0738217958419881
+0000.9177923152288654,+0000.0075806372784387,+0000.0002956432355252,+0000.0743314042571703
+0000.9155369490285823,+0000.0092034920330917,+0000.0004173690153640,+0000.0748421899229617
+0000.9131180453983176,+0000.0110390731739557,+0000.0004887880008553,+0000.0753540934268713
+0000.9105332419732182,+0000.0131017016899293,+0000.0004980020030319,+0000.0758670543338205
+0000.9077827800572813,+0000.0153271197200863,+0000.0005090892158691,+0000.0763810110067630
+0000.9048732679851674,+0000.0176293495372608,+0000.0006014805148700,+0000.0768959019627016
+0000.9018154569234061,+0000.0199906928798933,+0000.0007821826422600,+0000.0774116675544402
+0000.8986182299795689,+0000.0224863113218820,+0000.0009672082597438,+0000.0779282504388051
+0000.8952847223437943,+0000.0252070717653920,+0000.0010626114137582,+0000.0784455944770553
+0000.8918143703917696,+0000.0281551116652816,+0000.0010668746889084,+0000.0789636432540400
+0000.8882088409205955,+0000.0312256186014704,+0000.0010832006918081,+0000.0794823397861257
+0000.8844759852343491,+0000.0343043582416323,+0000.0012180286988372,+0000.0800016278251813
+0000.8806279304701677,+0000.0373852422151921,+0000.0014653737186055,+0000.0805214535960343
+0000.8766752000576060,+0000.0405809242832965,+0000.0017021092925920,+0000.0810417663665053
+0000.8726226467283296,+0000.0440050608875177,+0000.0018097749960229,+0000.0815625173881297
+0000.8684711710037880,+0000.0476430791388147,+0000.0018020915116800,+0000.0820836583457170
+0000.8642234952662035,+0000.0513504717377815,+0000.0018208920545410,+0000.0826051409414739
+0000.8598882911809890,+0000.0549905102787283,+0000.0019942804089843,+0000.0831269181312983
+0000.8554786064927158,+0000.0585736901768984,+0000.0022987574280673,+0000.0836489459023182
+0000.8510061542487433,+0000.0622494650528163,+0000.0025731967599528,+0000.0841711839384876
+0000.8464770766693345,+0000.0661490543073890,+0000.0026802744210499,+0000.0846935946022264
+0000.8418933148789849,+0000.0702373933321253,+0000.0026531504762057,+0000.0852161413126838
+0000.8372581932562118,+0000.0743324446495134,+0000.0026705740963324,+0000.0857387879979424
+0000.8325807048759767,+0000.0782813200165243,+0000.0028764748607354,+0000.0862615002467635
+0000.8278742933473652,+0000.0821153887555293,+0000.0032260707844829,+0000.0867842471126224
+0000.8231513458235327,+0000.0860190697761910,+0000.0035225825322355,+0000.0873070018680408
+0000.8184188039297317,+0000.0901355911054801,+0000.0036158639359304,+0000.0878297410288579
+0000.8136791675017679,+0000.0944065076952441,+0000.0035618821407697,+0000.0883524426622180
+0000.8089358575536645,+0000.0986156426582715,+0000.0035734140894759,+0000.0888750856985878
+0000.8041976464027960,+0000.1026005998565338,+0000.0038041027550108,+0000.0893976509856594
+0000.7994778131230886,+0000.1064170353453096,+0000.0041850284275652,+0000.0899201231040363
+0000.7947888723939687,+0000.1102813946115141,+0000.0044872417883131,+0000.0904424912062038
+0000.7901380469028805,+0000.1143432277944205,+0000.0045539772166433,+0000.0909647480860557
+0000.7855278892737144,+0000.1185188251644959,+0000.0044663971427481,+0000.0914868884190412
+0000.7809613952843157,+0000.1225623619499102,+0000.0044673348359666,+0000.0920089079298071
+0000.7764465671274224,+0000.1263086380592060,+0000.0047139904790731,+0000.0925308043342980
+0000.7719959594012935,+0000.1298399706149424,+0000.0051114908274844,+0000.0930525791562793
+0000.7676216723963540,+0000.1334008665597207,+0000.0054032223974750,+0000.0935742386464499
+0000.7633306987165047,+0000.1371415779251117,+0000.0054319304559350,+0000.0940957929024484
+0000.7591251495100750,+0000.1409523237095439,+0000.0053052727336718,+0000.0946172540467090
+0000.7550070931694641,+0000.1445630574942675,+0000.0052912140898376,+0000.0951386352464305
+0000.7509832416744009,+0000.1478122647172782,+0000.0055445420738310,+0000.0956599515344897
+0000.7470649017535206,+0000.1508101376757057,+0000.0059437389551921,+0000.0961812216155813
+0000.7432632573644545,+0000.1538243688068162,+0000.0062099049640536,+0000.0967024688646756
+0000.7395846018074409,+0000.1570005531044741,+0000.0061911245843617,+0000.0972237205037228
+0000.7360301567985243,+0000.1602031421012939,+0000.0060216953747495,+0000.0977450057254320
+0000.7326006156775705,+0000.1631440290668486,+0000.0059890006893224,+0000.0982663545662583
+0000.7293009439066291,+0000.1656714037708020,+0000.0062398537249965,+0000.0987877985975721
+0000.7261407471342115,+0000.1679233109419591,+0000.0066265692094918,+0000.0993093727143376
+0000.7231298635167520,+0000.1701849919013632,+0000.0068540283698580,+0000.0998311162120267
+0000.7202734914067096,+0000.1725924722107305,+0000.0067809643522937,+0000.1003530720302662
+0000.7175715926982583,+0000.1749858421595942,+0000.0065672803099851,+0000.1008752848321623
+0000.7150231234546309,+0000.1770656063147285,+0000.0065134704963279,+0000.1013977997343123
+0000.7126309403244784,+0000.1786949714495982,+0000.0067534253626913,+0000.1019206628632317
+0000.7104025937919938,+0000.1800385475106110,+0000.0071149355775003,+0000.1024439231198945
+0000.7083462467321379,+0000.1813929076554084,+0000.0072932122740033,+0000.1029676333384500
+0000.7064657069203140,+0000.1828802116530258,+0000.0071622318199757,+0000.1034918496066841
+0000.7047594093808817,+0000.1843186496008786,+0000.0069053117028153,+0000.1040166293154245
+0000.7032243212145157,+0000.1854042783983575,+0000.0068293706364992,+0000.1045420297506274
+0000.7018609459126042,+0000.1860197233142757,+0000.0070512222597612,+0000.1050681085133586
+0000.7006745461550723,+0000.1863536311252086,+0000.0073768974629510,+0000.1055949252567679
+0000.6996714007265932,+0000.1867073137174143,+0000.0074987426267892,+0000.1061225429292031
+0000.6988537506619350,+0000.1871855329320330,+0000.0073096892201079,+0000.1066510271859238
+0000.6982183589812248,+0000.1875880097941334,+0000.0070131868018216,+0000.1071804444228201
+0000.6977600802451597,+0000.1876133167338234,+0000.0069157427804841,+0000.1077108602405325
+0000.6974769544757372,+0000.1871668214749695,+0000.0071138843220212,+0000.1082423397272718
+0000.6973718595739302,+0000.1864575120982372,+0000.0073956791611814,+0000.1087749491666509
+0000.6974491145698776,+0000.1857846916232898,+0000.0074574364362710,+0000.1093087573705613
+0000.6977093482338992,+0000.1852330779731192,+0000.0072137385972709,+0000.1098438351957104
+0000.6981476385032059,+0000.1845882059732317,+0000.0068839019435637,+0000.1103802535799985
+0000.6987567408316882,+0000.1835579048880723,+0000.0067672723915237,+0000.1109180818887157
+0000.6995322626646965,+0000.1820724102930535,+0000.0069379389787880,+0000.1114573880634619
+0000.7004747410068853,+0000.1803563113632378,+0000.0071707073303939,+0000.1119982402994825
+0000.7015865960635067,+0000.1787002310974219,+0000.0071724643645602,+0000.1125407084745111
+0000.7028669316220564,+0000.1771671750813468,+0000.0068810295111367,+0000.1130848637854598
+0000.7043092605833331,+0000.1755334793197187,+0000.0065264832914596,+0000.1136307768054884
+0000.7059043894122503,+0000.1735225177194328,+0000.0063945771424524,+0000.1141785157258641
+0000.7076456628992078,+0000.1710902494945569,+0000.0065359412325676,+0000.1147281463736675
+0000.7095314577374906,+0000.1684712465072155,+0000.0067175618949125,+0000.1152797338603812
+0000.7115624870470620,+0000.1659410888504433,+0000.0066630799910516,+0000.1158333441114429
+0000.7137365427662670,+0000.1635404365177545,+0000.0063339770769702,+0000.1163890436390079
+0000.7160458178943174,+0000.1610419478447442,+0000.0059653366221520,+0000.1169468976387859
+0000.7184794472267497,+0000.1581901650658387,+0000.0058234195664931,+0000.1175069681409182
+0000.7210288105064974,+0000.1549663386749857,+0000.0059355369161972,+0000.1180693139023192
+0000.7236904282110908,+0000.1516087308268435,+0000.0060668489363687,+0000.1186339920256970
+0000.7264636143256680,+0000.1483720480682678,+0000.0059632780093568,+0000.1192010595967071
+0000.7293451723554524,+0000.1452750281334600,+0000.0056092259048055,+0000.1197705736062819
+0000.7323263290672788,+0000.1420925184587998,+0000.0052385633673555,+0000.1203425891065654
+0000.7353949341483507,+0000.1385950069846113,+0000.0050929015815615,+0000.1209171572854763
+0000.7385408078802920,+0000.1347873492512768,+0000.0051775176305187,+0000.1214943252379124
+0000.7417590208136773,+0000.1309047652805629,+0000.0052620763492772,+0000.1220741375564821
+0000.7450478895587136,+0000.1271759970860119,+0000.0051194752759333,+0000.1226566380793410
+0000.7484036397871545,+0000.1235993240894599,+0000.0047551661470889,+0000.1232418699762965
+0000.7518169703247329,+0000.1199577961147986,+0000.0043953595794694,+0000.1238298739809989
+0000.7552749163692837,+0000.1160516303082036,+0000.0042527669189225,+0000.1244206864035899
+0000.7587662255858245,+0000.1119064323109542,+0000.0043130033172886,+0000.1250143387859325
+0000.7622849990976801,+0000.1077474619342744,+0000.0043566795057331,+0000.1256108594623121
+0000.7658290230376360,+0000.1037733278489321,+0000.0041873736922679,+0000.1262102754211636
+0000.7693944139943673,+0000.0999643023121403,+0000.0038286711283573,+0000.1268126125651348
+0000.7729718361494812,+0000.0961175939708908,+0000.0034926758428432,+0000.1274178940367845
+0000.7765480342093131,+0000.0920658305114949,+0000.0033599970976407,+0000.1280261381815510
+0000.7801112194156610,+0000.0878514760564045,+0000.0033999464363193,+0000.1286373580916151
+0000.7836550454229061,+0000.0836829909976946,+0000.0034104004454047,+0000.1292515631339941
+0000.7871772669355791,+0000.0797257541066172,+0000.0032282180324495,+0000.1298687609253539
+0000.7906743853822557,+0000.0759453791632901,+0000.0028912776794826,+0000.1304889577749714
+0000.7941375453157236,+0000.0721589322736267,+0000.0025913652932603,+0000.1311121571173894
+0000.7975537442449919,+0000.0682329648851525,+0000.0024749334313300,+0000.1317383574385256
+0000.8009112075874101,+0000.0642220443065149,+0000.0024991963966103,+0000.1323675517094642
+0000.8042036696371425,+0000.0603113350416997,+0000.0024852664431472,+0000.1329997288780104
+0000.8074293498076863,+0000.0566310728077774,+0000.0023047014310439,+0000.1336348759534921
+0000.8105856187929719,+0000.0531363356689589,+0000.0020050669013602,+0000.1342729786367087
+0000.8136646035615768,+0000.0496692959969161,+0000.0017520805691588,+0000.1349140198723481
+0000.8166540818408715,+0000.0461307518862235,+0000.0016571885260136,+0000.1355579777468912
+0000.8195428226015125,+0000.0425819612955110,+0000.0016703912886973,+0000.1362048248142793
+0000.8223251395453006,+0000.0391788914879177,+0000.0016414394238954,+0000.1368545295428858
+0000.8250001752526112,+0000.0360159725211688,+0000.0014767937221493,+0000.1375070585040706
+0000.8275666106051303,+0000.0330424899704078,+0000.0012285222335537,+0000.1381623771909083
+0000.8300180103301387,+0000.0301303444825365,+0000.0010311964891453,+0000.1388204486981795
+0000.8323434100096603,+0000.0272137345847845,+0000.0009616238045811,+0000.1394812316009739
+0000.8345325964016431,+0000.0243547701873313,+0000.0009679542411184,+0000.1401446791699070
+0000.8365808987447619,+0000.0216751455419338,+0000.0009332149483390,+0000.1408107407649652
+0000.8384887714368432,+0000.0192340927135051,+0000.0007977717328521,+0000.1414793641167993
+0000.8402565719345105,+0000.0169802895508108,+0000.0006126421822657,+0000.1421504963324127
+0000.8418796808690791,+0000.0148192038991416,+0000.0004770325231376,+0000.1428240827086416
+0000.8433487891824105,+0000.0127164822533579,+0000.0004346639677473,+0000.1435000645964842
+0000.8446550905436524,+0000.0107290676825397,+0000.0004374632701659,+0000.1441783785036421
+0000.8457952743362908,+0000.0089403302590601,+0000.0004054379828877,+0000.1448589574217612
+0000.8467713982901638,+0000.0073761527188200,+0000.0003107158024646,+0000.1455417331885515
+0000.8475857623250178,+0000.0059900330903401,+0000.0001975669113999,+0000.1462266376732422
+0000.8482358387177491,+0000.0047239315994179,+0000.0001266279556882,+0000.1469136017271447
+0000.8487142663563239,+0000.0035719851736337,+0000.0001111954328118,+0000.1476025530372306
+0000.8490139258079524,+0000.0025800221140732,+0000.0001126369673944,+0000.1482934151105800
+0000.8491330971295720,+0000.0017902210894204,+0000.0000905732593537,+0000.1489861085216538
+0000.8490756150635783,+0000.0011981272946245,+0000.0000457043046714,+0000.1496805533371257
