+0000.5000000000000006,+0000.0000000000000000,+0000.5000000000000009
+0000.4999489953671477,+0000.0000500045501842,+0000.5000010000826693
+0000.4997960023803711,+0000.0001999977970337,+0000.5000039998225967
+0000.4995410837663406,+0000.0004499185378247,+0000.5000089976958361
+0000.4991843440405918,+0000.0007996647959654,+0000.5000159911634442
+0000.4987259294641674,+0000.0012490938629064,+0000.5000249766729274
+0000.4981660279829393,+0000.0017980223567899,+0000.5000359496602724
+0000.4975048691496391,+0000.0024462262978149,+0000.5000489045525472
+0000.4967427240286292,+0000.0031934412002863,+0000.5000638347710857
+0000.4958799050834514,+0000.0040393621813096,+0000.5000807327352401
+0000.4949167660472042,+0000.0049836440860864,+0000.5000995898667103
+0000.4938537017758010,+0000.0060259016297596,+0000.5001203965944409
+0000.4926911480841689,+0000.0071657095557469,+0000.5001431423600853
+0000.4914295815654621,+0000.0084026028105001,+0000.5001678156240390
+0000.4900695193933591,+0000.0097360767346158,+0000.5001944038720265
+0000.4886115191075292,+0000.0111655872702179,+0000.5002228936222540
+0000.4870561783823620,+0000.0126905511845279,+0000.5002532704331113
+0000.4854041347790488,+0000.0143103463095276,+0000.5002855189114248
+0000.4836560654811252,+0000.0160243117976173,+0000.5003196227212588
+0000.4818126870135857,+0000.0178317483931615,+0000.5003555645932543
+0000.4798747549456854,+0000.0197319187198109,+0000.5003933263345052
+0000.4778430635775519,+0000.0217240475834816,+0000.5004328888389679
+0000.4757184456107479,+0000.0238073222908614,+0000.5004742320983921
+0000.4735017718029049,+0000.0259808929833215,+0000.5005173352137751
+0000.4711939506065924,+0000.0282438729860821,+0000.5005621764073267
+0000.4687959277925599,+0000.0305953391724976,+0000.5006087330349438
+0000.4663086860575132,+0000.0330343323433042,+0000.5006569815991839
+0000.4637332446165930,+0000.0355598576206748,+0000.5007068977627335
+0000.4610706587807192,+0000.0381708848569193,+0000.5007584563623627
+0000.4583220195189845,+0000.0408663490576573,+0000.5008116314233595
+0000.4554884530062761,+0000.0436451508192902,+0000.5008663961744351
+0000.4525711201563161,+0000.0465061567805915,+0000.5009227230630938
+0000.4495712161403178,+0000.0494482000882260,+0000.5009805837714576
+0000.4464899698914553,+0000.0524700808760072,+0000.5010399492325388
+0000.4433286435953567,+0000.0555705667576928,+0000.5011007896469519
+0000.4400885321668345,+0000.0587483933331145,+0000.5011630745000522
+0000.4367709627130695,+0000.0620022647074319,+0000.5012267725794999
+0000.4333772939834750,+0000.0653308540232962,+0000.5012918519932302
+0000.4299089158064689,+0000.0687328040057014,+0000.5013582801878309
+0000.4263672485133959,+0000.0722067275192994,+0000.5014260239673061
+0000.4227537423498285,+0000.0757512081379454,+0000.5014950495122275
+0000.4190698768745038,+0000.0793648007262436,+0000.5015653223992539
+0000.4153171603461528,+0000.0830460320328348,+0000.5016368076210138
+0000.4114971290984495,+0000.0867934012952119,+0000.5017094696063400
+0000.4076113469033827,+0000.0906053808557781,+0000.5017832722408404
+0000.4036614043232817,+0000.0944804167889141,+0000.5018581788878055
+0000.3996489180517886,+0000.0984169295387880,+0000.5019341524094247
+0000.3955755302440391,+0000.1024133145676432,+0000.5020111551883193
+0000.3914429078363432,+0000.1064679430142975,+0000.5020891491493606
+0000.3872527418556385,+0000.1105791623625785,+0000.5021680957817842
+0000.3830067467190174,+0000.1147452971194209,+0000.5022479561615633
+0000.3787066595236075,+0000.1189646495023419,+0000.5023286909740520
+0000.3743542393271160,+0000.1232355001360140,+0000.5024102605368712
+0000.3699512664193282,+0000.1275561087576386,+0000.5024926248230343
+0000.3654995415848634,+0000.1319247149308464,+0000.5025757434842916
+0000.3610008853575143,+0000.1363395387677963,+0000.5026595758746907
+0000.3564571372664508,+0000.1407987816592191,+0000.5027440810743313
+0000.3518701550746393,+0000.1453006270120527,+0000.5028292179133094
+0000.3472418140097566,+0000.1498432409944145,+0000.5029149449958301
+0000.3425740059879622,+0000.1544247732875531,+0000.5030012207244859
+0000.3378686388308077,+0000.1590433578445174,+0000.5030880033246762
+0000.3331276354756572,+0000.1636971136551790,+0000.5031752508691651
+0000.3283529331799052,+0000.1683841455173384,+0000.5032629213027577
+0000.3235464827193553,+0000.1731025448135599,+0000.5033509724670863
+0000.3187102475810816,+0000.1778503902934337,+0000.5034393621254860
+0000.3138462031511106,+0000.1826257488609328,+0000.5035280479879578
+0000.3089563358972552,+0000.1874266763665520,+0000.5036169877361941
+0000.3040426425474748,+0000.1922512184038672,+0000.5037061390486595
+0000.2991071292640544,+0000.1970974111102340,+0000.5037954596257129
+0000.2941518108139785,+0000.2019632819712686,+0000.5038849072147543
+0000.2891787097358461,+0000.2068468506287640,+0000.5039744396353912
+0000.2841898555036801,+0000.2117461296917263,+0000.5040640148045951
+0000.2791872836879457,+0000.2166591255502036,+0000.5041535907618522
+0000.2741730351141555,+0000.2215838391915645,+0000.5042431256942810
+0000.2691491550194263,+0000.2265182670188580,+0000.5043325779617173
+0000.2641176922072989,+0000.2314604016709696,+0000.5044219061217329
+0000.2590806982012154,+0000.2364082328441893,+0000.5045110689545969
+0000.2540402263969589,+0000.2413597481148972,+0000.5046000254881453
+0000.2489983312144691,+0000.2463129337629644,+0000.5046887350225678
+0000.2439570672493311,+0000.2512657755955960,+0000.5047771571550742
+0000.2389184884243363,+0000.2562162597712210,+0000.5048652518044440
+0000.2338846471414096,+0000.2611623736231520,+0000.5049529792354397
+0000.2288575934343528,+0000.2661021064825756,+0000.5050403000830729
+0000.2238393741226485,+0000.2710334505006475,+0000.5051271753767050
+0000.2188320319667453,+0000.2759544014692792,+0000.5052135665639766
+0000.2138376048251651,+0000.2808629596402915,+0000.5052994355345448
+0000.2088581248137626,+0000.2857571305426205,+0000.5053847446436180
+0000.2038956174675235,+0000.2906349257971937,+0000.5054694567352843
+0000.1989521009051963,+0000.2954943639292010,+0000.5055535351656040
+0000.1940295849971662,+0000.3003334711773682,+0000.5056369438254672
+0000.1891300705368663,+0000.3051502822999425,+0000.5057196471631926
+0000.1842555484161170,+0000.3099428413770117,+0000.5058016102068725
+0000.1794079988046913,+0000.3147092026088814,+0000.5058827985864285
+0000.1745893903344669,+0000.3194474311101471,+0000.5059631785553874
+0000.1698016792885257,+0000.3241556036991323,+0000.5060427170123432
+0000.1650468087955101,+0000.3288318096823702,+0000.5061213815221208
+0000.1603267080295714,+0000.3334741516338290,+0000.5061991403366009
+0000.1556432914162461,+0000.3380807461685381,+0000.5062759624152173
+0000.1509984578446140,+0000.3426497247102931,+0000.5063518174450943
+0000.1463940898860371,+0000.3471792342531257,+0000.5064266758608382
+0000.1418320530198059,+0000.3516674381162496,+0000.5065005088639458
+0000.1373141948660158,+0000.3561125166921465,+0000.5065732884418390
+0000.1328423444260172,+0000.3605126681874877,+0000.5066449873864964
+0000.1284183113307253,+0000.3648661093565812,+0000.5067155793126950
+0000.1240438850971035,+0000.3691710762270728,+0000.5067850386758250
+0000.1197208343931410,+0000.3734258248175690,+0000.5068533407892913
+0000.1154509063116169,+0000.3776286318469143,+0000.5069204618414701
+0000.1112358256529858,+0000.3817777954347841,+0000.5069863789122315
+0000.1070772942176212,+0000.3858716357933771,+0000.5070510699890030
+0000.1029769901077614,+0000.3899084959098675,+0000.5071145139823724
+0000.0989365670394183,+0000.3938867422193673,+0000.5071766907412157
+0000.0949576536645725,+0000.3978047652680785,+0000.5072375810673502
+0000.0910418529038745,+0000.4016609803664349,+0000.5072971667296917
+0000.0871907412901756,+0000.4054538282319049,+0000.5073554304779211
+0000.0834058683231454,+0000.4091817756212232,+0000.5074123560556327
+0000.0796887558352454,+0000.4128433159517674,+0000.5074679282129885
+0000.0760408973693157,+0000.4164369699118560,+0000.5075221327188298
+0000.0724637575680263,+0000.4199612860596988,+0000.5075749563722762
+0000.0689587715754616,+0000.4234148414107636,+0000.5076263870137764
+0000.0655273444510762,+0000.4267962420132967,+0000.5076764135356284
+0000.0621708505962565,+0000.4301041235118034,+0000.5077250258919412
+0000.0588906331937410,+0000.4333371516982160,+0000.5077722151080443
+0000.0556880036601028,+0000.4364940230505664,+0000.5078179732893320
+0000.0525642411115640,+0000.4395734652588882,+0000.5078622936295493
+0000.0495205918433015,+0000.4425742377382024,+0000.5079051704184974
+0000.0465582688225262,+0000.4454951321283149,+0000.5079465990491600
+0000.0436784511954833,+0000.4483349727802636,+0000.5079865760242545
+0000.0408822838086070,+0000.4510926172292088,+0000.5080250989621855
+0000.0381708767440313,+0000.4537669566535499,+0000.5080621666024203
+0000.0355453048696260,+0000.4563569163201239,+0000.5080977788102516
+0000.0330066074037557,+0000.4588614560152646,+0000.5081319365809811
+0000.0305557874949297,+0000.4612795704615944,+0000.5081646420434771
+0000.0281938118165470,+0000.4636102897203037,+0000.5081958984631508
+0000.0259216101768332,+0000.4658526795788662,+0000.5082257102443020
+0000.0237400751442064,+0000.4680058419239272,+0000.5082540829318676
+0000.0216500616881840,+0000.4700689150992581,+0000.5082810232125593
+0000.0196523868359586,+0000.4720410742486729,+0000.5083065389153697
+0000.0177478293448306,+0000.4739215316436930,+0000.5083306390114778
+0000.0159371293905969,+0000.4757095369958668,+0000.5083533336135376
+0000.0142209882720139,+0000.4774043777536566,+0000.5083746339743308
+0000.0126000681315025,+0000.4790053793836757,+0000.5083945524848230
+0000.0110749916921333,+0000.4805119056362870,+0000.5084131026715810
+0000.0096463420110677,+0000.4819233587953513,+0000.5084302991935824
+0000.0083146622495182,+0000.4832391799120732,+0000.5084461578384102
+0000.0070804554593110,+0000.4844588490228787,+0000.5084606955178116
+0000.0059441843861659,+0000.4855818853511794,+0000.5084739302626559
+0000.0049062712897495,+0000.4866078474929735,+0000.5084858812172782
+0000.0039670977805723,+0000.4875363335862414,+0000.5084965686331878
+0000.0031270046738066,+0000.4883669814639997,+0000.5085060138621950
+0000.0023862918600659,+0000.4890994687910363,+0000.5085142393488994
+0000.0017452181932068,+0000.4897335131842063,+0000.5085212686225883
+0000.0012040013951925,+0000.4902688723162753,+0000.5085271262885337
+0000.0007628179780441,+0000.4907053440032886,+0000.5085318380186687
+0000.0004218031829228,+0000.4910427662753927,+0000.5085354305416858
+0000.0001810509363521,+0000.4912810174311092,+0000.5085379316325398
+0000.0000406138235963,+0000.4914200160750619,+0000.5085393701013432
+0000.0000005030792039,+0000.4914597211390943,+0000.5085397757817032
+0000.0000606885947116,+0000.4914001318868320,+0000.5085391795184577
+0000.0002210989435039,+0000.4912412879016534,+0000.5085376131548440
+0000.0004816214228094,+0000.4909832690580871,+0000.5085351095191049
+0000.0008421021128150,+0000.4906261954766709,+0000.5085317024105154
+0000.0013023459528679,+0000.4901702274622685,+0000.5085274265848650
+0000.0018621168347206,+0000.4896155654258937,+0000.5085223177393871
+0000.0025211377127926,+0000.4889624497900790,+0000.5085164124971298
+0000.0032790907313742,+0000.4882111608778149,+0000.5085097483908122
+0000.0041356173687388,+0000.4873620187851376,+0000.5085023638461250
+0000.0050903185980813,+0000.4864153832373944,+0000.5084942981645257
+0000.0061427550652076,+0000.4853716534292795,+0000.5084855915055143
+0000.0072924472829227,+0000.4842312678486909,+0000.5084762848683876
+0000.0085388758419933,+0000.4829947040844854,+0000.5084664200735227
+0000.0098814816386246,+0000.4816624786182426,+0000.5084560397431342
+0000.0113196661183325,+0000.4802351466000915,+0000.5084451872815773
+0000.0128527915361023,+0000.4787133016087277,+0000.5084339068551713
+0000.0144801812327465,+0000.4770975753957081,+0000.5084222433715467
+0000.0162011199273048,+0000.4753886376141440,+0000.5084102424585526
+0000.0180148540253808,+0000.4735871955318981,+0000.5083979504427224
+0000.0199205919432878,+0000.4716939937294320,+0000.5083854143272818
+0000.0219175044478367,+0000.4697098137823961,+0000.5083726817697687
+0000.0240047250116536,+0000.4676354739291440,+0000.5083598010592036
+0000.0261813501838462,+0000.4654718287232717,+0000.5083468210928834
+0000.0284464399758604,+0000.4632197686713631,+0000.5083337913527779
+0000.0307990182623993,+0000.4608802198560691,+0000.5083207618815333
+0000.0332380731971764,+0000.4584541435447030,+0000.5083077832581220
+0000.0357625576433487,+0000.4559425357835177,+0000.5082949065731348
+0000.0383713896184895,+0000.4533464269777995,+0000.5082821834037123
+0000.0410634527538083,+0000.4506668814580271,+0000.5082696657881659
+0000.0438375967675358,+0000.4479049970322126,+0000.5082574062002529
+0000.0466926379521917,+0000.4450619045246477,+0000.5082454575231621
+0000.0496273596755454,+0000.4421387673012545,+0000.5082338730232013
+0000.0526405128951020,+0000.4391367807817107,+0000.5082227063231887
+0000.0557308166858223,+0000.4360571719385944,+0000.5082120113755847
+0000.0588969587808828,+0000.4329011987837476,+0000.5082018424353708
+0000.0621375961253017,+0000.4296701498420309,+0000.5081922540326688
+0000.0654513554420679,+0000.4263653436127850,+0000.5081833009451484
+0000.0688368338106733,+0000.4229881280191301,+0000.5081750381701980
+0000.0722925992577059,+0000.4195398798453884,+0000.5081675208969071
+0000.0758171913592725,+0000.4160220041628681,+0000.5081608044778606
+0000.0794091218550554,+0000.4124359337442048,+0000.5081549444007413
+0000.0830668752736510,+0000.4087831284665660,+0000.5081499962597843
+0000.0867889095689661,+0000.4050650747039473,+0000.5081460157270880
+0000.0905736567674684,+0000.4012832847087599,+0000.5081430585237728
+0000.0944195236258636,+0000.3974392959830893,+0000.5081411803910486
+0000.0983248922990915,+0000.3935346706397652,+0000.5081404370611446
+0000.1022881210182401,+0000.3895709947535820,+0000.5081408842281793
+0000.1063075447781186,+0000.3855498777029380,+0000.5081425775189449
+0000.1103814760342704,+0000.3814729515021118,+0000.5081455724636191
+0000.1145082054089879,+0000.3773418701245577,+0000.5081499244664556
+0000.1186860024061981,+0000.3731583088173862,+0000.5081556887764171
+0000.1229131161347944,+0000.3689239634073949,+0000.5081629204578121
+0000.1271877760401150,+0000.3646405495989625,+0000.5081716743609239
+0000.1315081926433960,+0000.3603098022639562,+0000.5081820050926491
+0000.1358725582886881,+0000.3559334747241470,+0000.5081939669871662
+0000.1402790478970523,+0000.3515133380262901,+0000.5082076140766589
+0000.1447258197277368,+0000.3470511802101895,+0000.5082230000620751
+0000.1492110161458707,+0000.3425488055701446,+0000.5082401782839860
+0000.1537327643965399,+0000.3380080339099533,+0000.5082592016935081
+0000.1582891773847766,+0000.3334306997918776,+0000.5082801228233473
+0000.1628783544611518,+0000.3288186517798946,+0000.5083029937589549
+0000.1674983822127615,+0000.3241737516774313,+0000.5083278661098084
+0000.1721473352591263,+0000.3194978737600221,+0000.5083547909808528
+0000.1768232770527010,+0000.3147929040031984,+0000.5083838189441021
+0000.1815242606837880,+0000.3100607393058100,+0000.5084150000104033
+0000.1862483296892985,+0000.3053032867092840,+0000.5084483836014189
+0000.1909935188652433,+0000.3005224626129709,+0000.5084840185217872
+0000.1957578550824591,+0000.2957201919860157,+0000.5085219529315266
+0000.2005393581052455,+0000.2908984075760893,+0000.5085622343186664
+0000.2053360414127020,+0000.2860590491151780,+0000.5086049094721211
+0000.2101459130222410,+0000.2812040625229221,+0000.5086500244548384
+0000.2149669763150329,+0000.2763353991077369,+0000.5086976245772317
+0000.2197972308630632,+0000.2714550147660597,+0000.5087477543708785
+0000.2246346732573350,+0000.2665648691801049,+0000.5088004575625614
+0000.2294772979370407,+0000.2616669250143652,+0000.5088557770485954
+0000.2343230980192110,+0000.2567631471112757,+0000.5089137548695145
+0000.2391700661285181,+0000.2518555016863877,+0000.5089744321850954
+0000.2440161952270158,+0000.2469459555232490,+0000.5090378492497364
+0000.2488594794432918,+0000.2420364751684892,+0000.5091040453882203
+0000.2536979149007664,+0000.2371290261273682,+0000.5091730589718668
+0000.2585295005448853,+0000.2322255720600466,+0000.5092449273950693
+0000.2633522389686230,+0000.2273280739791128,+0000.5093196870522656
+0000.2681641372362614,+0000.2224384894484248,+0000.5093973733153152
+0000.2729632077048171,+0000.2175587717838597,+0000.5094780205113245
+0000.2777474688429341,+0000.2126908692561374,+0000.5095616619009298
+0000.2825149460469180,+0000.2078367242960624,+0000.5096483296570209
+0000.2872636724534565,+0000.2029982727025864,+0000.5097380548439585
+0000.2919916897487526,+0000.1981774428539732,+0000.5098308673972755
+0000.2966970489738089,+0000.1933761549223357,+0000.5099267961038567
+0000.3013778113253514,+0000.1885963200919910,+0000.5100258685826590
+0000.3060320489522651,+0000.1838398397818196,+0000.5101281112659166
+0000.3106578457470348,+0000.1791086048720698,+0000.5102335493808967
+0000.3152532981319512,+0000.1744044949358503,+0000.5103422069321997
+0000.3198165158398126,+0000.1697293774756020,+0000.5104541066845867
+0000.3243456226886158,+0000.1650851071649868,+0000.5105692701463986
+0000.3288387573501491,+0000.1604735250963364,+0000.5106877175535158
+0000.3332940741119725,+0000.1558964580341120,+0000.5108094678539167
+0000.3377097436325482,+0000.1513557176746262,+0000.5109345386928268
+0000.3420839536892907,+0000.1468530999122621,+0000.5110629463984486
+0000.3464149099190617,+0000.1423903841126236,+0000.5111947059683160
+0000.3507008365509071,+0000.1379693323928436,+0000.5113298310562506
+0000.3549399771307634,+0000.1335916889092872,+0000.5114683339599506
+0000.3591305952377346,+0000.1292591791530478,+0000.5116102256092188
+0000.3632709751917788,+0000.1249735092534342,+0000.5117555155547884
+0000.3673594227522910,+0000.1207363652898574,+0000.5119042119578531
+0000.3713942658075921,+0000.1165494126122041,+0000.5120563215802052
+0000.3753738550547899,+0000.1124142951701550,+0000.5122118497750566
+0000.3792965646699213,+0000.1083326348515816,+0000.5123708004784985
+0000.3831607929678643,+0000.1043060308304601,+0000.5125331762016772
+0000.3869649630520254,+0000.1003360589243680,+0000.5126989780236080
+0000.3907075234534076,+0000.0964242709619220,+0000.5128682055846718
+0000.3943869487586644,+0000.0925721941604992,+0000.5130408570808376
+0000.3980017402271469,+0000.0887813305143150,+0000.5132169292585393
+0000.4015504263965577,+0000.0850531561931958,+0000.5133964174102478
+0000.4050315636768409,+0000.0813891209523761,+0000.5135793153707842
+0000.4084437369323209,+0000.0777906475533824,+0000.5137656155142983
+0000.4117855600517179,+0000.0742591311963335,+0000.5139553087519499
+0000.4150556765057092,+0000.0707959389639341,+0000.5141483845303580
+0000.4182527598920093,+0000.0674024092772991,+0000.5143448308306929
+0000.4213755144676802,+0000.0640798513638102,+0000.5145446341685109
+0000.4244226756683086,+0000.0608295447373473,+0000.5147477795943455
+0000.4273930106140733,+0000.0576527386909773,+0000.5149542506949508
+0000.4302853186023344,+0000.0545506518023483,+0000.5151640295953187
+0000.4330984315866614,+0000.0515244714519629,+0000.5153770969613768
+0000.4358312146419226,+0000.0485753533546206,+0000.5155934320034583
+0000.4384825664154818,+0000.0457044211040670,+0000.5158130124804525
+0000.4410514195642147,+0000.0429127657311082,+0000.5160358147046785
+0000.4435367411770500,+0000.0402014452754291,+0000.5162618135475223
+0000.4459375331830979,+0000.0375714843711491,+0000.5164909824457543
+0000.4482528327450837,+0000.0350238738463516,+0000.5167232934085659
+0000.4504817126378294,+0000.0325595703368032,+0000.5169587170253686
+0000.4526232816118454,+0000.0301794959138894,+0000.5171972224742662
+0000.4546766847417781,+0000.0278845377269821,+0000.5174387775312409
+0000.4566411037594824,+0000.0256755476604137,+0000.5176833485801055
+0000.4585157573717914,+0000.0235533420051183,+0000.5179309006230919
+0000.4602999015626940,+0000.0215187011451053,+0000.5181813972922020
+0000.4619928298799219,+0000.0195723692588624,+0000.5184348008612170
+0000.4635938737056705,+0000.0177150540358765,+0000.5186910722584545
+0000.4651024025115493,+0000.0159474264082622,+0000.5189501710801899
+0000.4665178240975669,+0000.0142701202976952,+0000.5192120556047394
+0000.4678395848149718,+0000.0126837323777300,+0000.5194766828072994
+0000.4690671697730448,+0000.0111888218515471,+0000.5197440083754095
+0000.4702001030296723,+0000.0097859102452435,+0000.5200139867250853
+0000.4712379477655511,+0000.0084754812167772,+0000.5202865710176729
+0000.4721803064421263,+0000.0072579803805635,+0000.5205617131773115
+0000.4730268209431195,+0000.0061338151478268,+0000.5208393639090548
+0000.4737771726995251,+0000.0051033545827911,+0000.5211194727176852
+0000.4744310827981826,+0000.0041669292746978,+0000.5214019879271209
+0000.4749883120738145,+0000.0033248312257328,+0000.5216868567004538
+0000.4754486611844189,+0000.0025773137549082,+0000.5219740250606744
+0000.4758119706701721,+0000.0019245914179017,+0000.5222634379119275
+0000.4760781209956683,+0000.0013668399428907,+0000.5225550390614424
+0000.4762470325755981,+0000.0009041961823944,+0000.5228487712420091
+0000.4763186657837456,+0000.0005367580811508,+0000.5231445761351050
+0000.4762930209454490,+0000.0002645846600034,+0000.5234423943945489
+0000.4761701383134486,+0000.0000876960158131,+0000.5237421656707396
+0000.4759500980271365,+0000.0000060733373923,+0000.5240438286354724
+0000.4756330200552898,+0000.0000196589374220,+0000.5243473210072895
+0000.4752190641223014,+0000.0001283563003502,+0000.5246525795773498
+0000.4747084296178871,+0000.0003320301462309,+0000.5249595402358832
+0000.4741013554904205,+0000.0006305065104711,+0000.5252681379991097
+0000.4733981201238933,+0000.0010235728394460,+0000.5255783070366621
+0000.4725990411985238,+0000.0015109781019225,+0000.5258899806995552
+0000.4717044755351741,+0000.0020924329162472,+0000.5262030915485800
+0000.4707148189235749,+0000.0027676096932412,+0000.5265175713831851
+0000.4696305059344718,+0000.0035361427946994,+0000.5268333512708302
+0000.4684520097157749,+0000.0043976287074675,+0000.5271503615767591
+0000.4671798417728013,+0000.0053516262329761,+0000.5274685319942238
+0000.4658145517327358,+0000.0063976566921754,+0000.5277877915750900
+0000.4643567270933636,+0000.0075352041457309,+0000.5281080687609068
+0000.4628069929562564,+0000.0087637156294317,+0000.5284292914143132
+0000.4611660117444973,+0000.0100826014046860,+0000.5287513868508180
+0000.4594344829050584,+0000.0114912352239488,+0000.5290742818709944
+0000.4576131425959786,+0000.0129889546110410,+0000.5293979027929815
+0000.4557027633585355,+0000.0145750611561775,+0000.5297221754852883
+0000.4537041537744377,+0000.0162488208255662,+0000.5300470253999974
+0000.4516181581083029,+0000.0180094642854913,+0000.5303723776062071
+0000.4494456559355269,+0000.0198561872407162,+0000.5306981568237583
+0000.4471875617557100,+0000.0217881507869992,+0000.5310242874572921
+0000.4448448245918349,+0000.0238044817776686,+0000.5313506936304980
+0000.4424184275753196,+0000.0259042732040245,+0000.5316772992206572
+0000.4399093875172295,+0000.0280865845894327,+0000.5320040278933393
+0000.4373187544657052,+0000.0303504423968909,+0000.5323308031374052
+0000.4346476112499018,+0000.0326948404499685,+0000.5326575483001310
+0000.4318970730105895,+0000.0351187403669030,+0000.5329841866225087
+0000.4290682867176409,+0000.0376210720075916,+0000.5333106412747686
+0000.4261624306746017,+0000.0402007339334132,+0000.5336368353919863
+0000.4231807140105613,+0000.0428565938796232,+0000.5339626921098169
+0000.4201243761595602,+0000.0455874892400417,+0000.5342881346003995
+0000.4169946863277363,+0000.0483922275639670,+0000.5346130861082982
+0000.4137929429484543,+0000.0512695870650335,+0000.5349374699865137
+0000.4105204731256321,+0000.0542183171417324,+0000.5352612097326369
+0000.4071786320655800,+0000.0572371389094737,+0000.5355842290249475
+0000.4037688024974631,+0000.0603247457439627,+0000.5359064517585754
+0000.4002923940827804,+0000.0634798038355090,+0000.5362278020817122
+0000.3967508428139767,+0000.0667009527542573,+0000.5365482044317674
+0000.3931456104026110,+0000.0699868060258844,+0000.5368675835715058
+0000.3894781836571498,+0000.0733359517177142,+0000.5371858646251372
+0000.3857500738508249,+0000.0767469530347785,+0000.5375029731143980
+0000.3819628160797159,+0000.0802183489257878,+0000.5378188349944977
+0000.3781179686113643,+0000.0837486546986644,+0000.5381333766899727
+0000.3742171122242390,+0000.0873363626452704,+0000.5384465251304917
+0000.3702618495382647,+0000.0909799426752663,+0000.5387582077864702
+0000.3662538043367259,+0000.0946778429587365,+0000.5390683527045388
+0000.3621946208798865,+0000.0984284905771990,+0000.5393768885429159
+0000.3580859632105314,+0000.1022302921829357,+0000.5396837446065343
+0000.3539295144517641,+0000.1060816346662644,+0000.5399888508819730
+0000.3497269760974072,+0000.1099808858303537,+0000.5402921380722405
+0000.3454800672952224,+0000.1139263950735286,+0000.5405935376312505
+0000.3411905241232767,+0000.1179164940786088,+0000.5408929817981160
+0000.3368600988598456,+0000.1219494975090664,+0000.5411904036310893
+0000.3324905592470180,+0000.1260237037116251,+0000.5414857370413582
+0000.3280836877484757,+0000.1301373954251102,+0000.5417789168264150
+0000.3236412808015778,+0000.1342888404952638,+0000.5420698787031596
+0000.3191651480642669,+0000.1384762925950187,+0000.5423585593407159
+0000.3146571116569517,+0000.1426979919502068,+0000.5426448963928429
+0000.3101190053997486,+0000.1469521660702732,+0000.5429288285299794
+0000.3055526740454631,+0000.1512370304835565,+0000.5432102954709818
+0000.3009599725085185,+0000.1555507894770864,+0000.5434892380143965
+0000.2963427650902126,+0000.1598916368404636,+0000.5437655980693251
+0000.2917029247006957,+0000.1642577566133750,+0000.5440393186859308
+0000.2870423320778675,+0000.1686473238366976,+0000.5443103440854362
+0000.2823628750035863,+0000.1730585053067495,+0000.5445786196896657
+0000.2776664475175850,+0000.1774894603322322,+0000.5448440921501840
+0000.2729549491292876,+0000.1819383414938390,+0000.5451067093768747
+0000.2682302840279787,+0000.1864032954059655,+0000.5453664205660572
+0000.2634943602915255,+0000.1908824634804137,+0000.5456231762280621
+0000.2587490890941895,+0000.1953739826914801,+0000.5458769282143316
+0000.2539963839136626,+0000.1998759863424286,+0000.5461276297439100
+0000.2492381597376869,+0000.2043866048329210,+0000.5463752354293934
+0000.2444763322707433,+0000.2089039664268906,+0000.5466197013023675
+0000.2397128171409511,+0000.2134261980208580,+0000.5468609848381922
+0000.2349495291075887,+0000.2179514259122226,+0000.5470990449801900
+0000.2301883812696430,+0000.2224777765670616,+0000.5473338421632967
+0000.2254312842755682,+0000.2270033773874155,+0000.5475653383370178
+0000.2206801455346561,+0000.2315263574775963,+0000.5477934969877490
+0000.2159368684304246,+0000.2360448484090512,+0000.5480182831605258
+0000.2112033515361973,+0000.2405569849837655,+0000.5482396634800385
+0000.2064814878332783,+0000.2450609059957431,+0000.5484576061709799
+0000.2017731639321218,+0000.2495547549900949,+0000.5486720810777846
+0000.1970802592966608,+0000.2540366810197470,+0000.5488830596835935
+0000.1924046454722573,+0000.2585048393991801,+0000.5490905151285639
+0000.1877481853174431,+0000.2629573924551236,+0000.5492944222274346
+0000.1831127322400442,+0000.2673925102735485,+0000.5494947574864087
+0000.1785001294376160,+0000.2718083714430962,+0000.5496914991192892
+0000.1739122091428388,+0000.2762031637943507,+0000.5498846270628120
+0000.1693507918740418,+0000.2805750851346110,+0000.5500741229913484
+0000.1648176856911454,+0000.2849223439781027,+0000.5502599703307535
+0000.1603146854573522,+0000.2892431602712011,+0000.5504421542714482
+0000.1558435721069840,+0000.2935357661122128,+0000.5506206617808047
+0000.1514061119196030,+0000.2977984064657277,+0000.5507954816146707
+0000.1470040558007975,+0000.3020293398711008,+0000.5509666043281030
+0000.1426391385700063,+0000.3062268391446145,+0000.5511340222853807
+0000.1383130782555063,+0000.3103891920753669,+0000.5512977296691282
+0000.1340275753969934,+0000.3145147021143278,+0000.5514577224886801
+0000.1297843123559372,+0000.3186016890564871,+0000.5516139985875771
+0000.1255849526341316,+0000.3226484897155428,+0000.5517665576503268
+0000.1214311402005601,+0000.3266534585911847,+0000.5519154012082566
+0000.1173244988268882,+0000.3306149685285603,+0000.5520605326445529
+0000.1132666314320367,+0000.3345314113694602,+0000.5522019571985043
+0000.1092591194358061,+0000.3384011985953298,+0000.5523396819688654
+0000.1053035221220061,+0000.3422227619616431,+0000.5524737159163524
+0000.1014013760113403,+0000.3459945541232649,+0000.5526040698653961
+0000.0975541942442607,+0000.3497150492508157,+0000.5527307565049251
+0000.0937634659739784,+0000.3533827436376881,+0000.5528537903883349
+0000.0900306557700541,+0000.3569961562972813,+0000.5529731879326659
+0000.0863572030326205,+0000.3605538295505339,+0000.5530889674168468
+0000.0827445214175538,+0000.3640543296033662,+0000.5532011489790813
+0000.0791939982728961,+0000.3674962471136484,+0000.5533097546134570
+0000.0757069940866062,+0000.3708781977477901,+0000.5534148081656052
+0000.0722848419459845,+0000.3741988227264592,+0000.5535163353275577
+0000.0689288470088983,+0000.3774567893594132,+0000.5536143636316899
+0000.0656402859871381,+0000.3806507915689689,+0000.5537089224438944
+0000.0624204066419741,+0000.3837795504022124,+0000.5538000429558149
+0000.0592704272921507,+0000.3868418145316049,+0000.5538877581762457
+0000.0561915363346581,+0000.3898363607436278,+0000.5539721029217155
+0000.0531848917782344,+0000.3927619944155861,+0000.5540531138061808
+0000.0502516207899297,+0000.3956175499802189,+0000.5541308292298529
+0000.0473928192549383,+0000.3984018913778032,+0000.5542052893672598
+0000.0446095513497587,+0000.4011139124958566,+0000.5542765361543862
+0000.0419028491288868,+0000.4037525375961222,+0000.5543446132749924
+0000.0392737121253259,+0000.4063167217285344,+0000.5544095661461410
+0000.0367231069648628,+0000.4088054511322841,+0000.5544714419028545
+0000.0342519669943900,+0000.4112177436236841,+0000.5545302893819273
+0000.0318611919244389,+0000.4135526489705563,+0000.5545861591050061
+0000.0295516474859559,+0000.4158092492532796,+0000.5546391032607658
+0000.0273241651015455,+0000.4179866592121215,+0000.5546891756863344
+0000.0251795415712400,+0000.4200840265809007,+0000.5547364318478605
+0000.0231185387730023,+0000.4221005324066178,+0000.5547809288203812
+0000.0211418833779540,+0000.4240353913552123,+0000.5548227252668350
+0000.0192502665805373,+0000.4258878520032024,+0000.5548618814162618
+0000.0174443438436813,+0000.4276571971149663,+0000.5548984590413537
+0000.0157247346590338,+0000.4293427439058247,+0000.5549325214351429
+0000.0140920223223702,+0000.4309438442906903,+0000.5549641333869408
+0000.0125467537242992,+0000.4324598851180856,+0000.5549933611576167
+0000.0110894391562631,+0000.4338902883896783,+0000.5550202724540599
+0000.0097205521319443,+0000.4352345114651368,+0000.5550449364029204
+0000.0084405292241669,+0000.4364920472521233,+0000.5550674235237113
+0000.0072497699172719,+0000.4376624243815890,+0000.5550878057011404
+0000.0061486364750988,+0000.4387452073681399,+0000.5551061561567626
+0000.0051374538245380,+0000.4397399967555246,+0000.5551225494199387
+0000.0042165094547644,+0000.4406464292470407,+0000.5551370612981963
+0000.0033860533321151,+0000.4414641778210305,+0000.5551497688468559
+0000.0026462978306640,+0000.4421929518313249,+0000.5551607503380125
+0000.0019974176785258,+0000.4428324970925109,+0000.5551700852289646
+0000.0014395499198515,+0000.4433825959501885,+0000.5551778541299615
+0000.0009727938925591,+0000.4438430673361382,+0000.5551841387713043
+0000.0005972112217805,+0000.4442137668082407,+0000.5551890219699801
+0000.0003128258290046,+0000.4444945865753833,+0000.5551925875956133
+0000.0001196239569101,+0000.4446854555072344,+0000.5551949205358572
+0000.0000175542098654,+0000.4447863391288157,+0000.5551961066613202
+0000.0000065276100534,+0000.4447972396000726,+0000.5551962327898752
+0000.0000864176691938,+0000.4447181956803616,+0000.5551953866504459
+0000.0002570604758155,+0000.4445492826778107,+0000.5551936568463750
+0000.0005182547980269,+0000.4442906123837675,+0000.5551911328182070
+0000.0008697622017315,+0000.4439423329921984,+0000.5551879048060717
+0000.0013113071842233,+0000.4435046290042617,+0000.5551840638115162
+0000.0018425773230868,+0000.4429777211178834,+0000.5551797015590311
+0000.0024632234403360,+0000.4423618661026225,+0000.5551749104570429
+0000.0031728597817077,+0000.4416573566597876,+0000.5551697835585063
+0000.0039710642110080,+0000.4408645212677882,+0000.5551644145212051
+0000.0048573784194283,+0000.4399837240130157,+0000.5551588975675575
+0000.0058313081497432,+0000.4390153644061532,+0000.5551533274441048
+0000.0068923234352393,+0000.4379598771840346,+0000.5551477993807274
+0000.0080398588533112,+0000.4368177320972326,+0000.5551424090494574
+0000.0092733137935876,+0000.4355894336834217,+0000.5551372525229921
+0000.0105920527404286,+0000.4342755210265690,+0000.5551324262330039
+0000.0119954055697192,+0000.4328765675021806,+0000.5551280269281016
+0000.0134826678597991,+0000.4313931805086582,+0000.5551241516315443
+0000.0150531012163440,+0000.4298260011848493,+0000.5551208975988079
+0000.0167059336111261,+0000.4281757041140228,+0000.5551183622748523
+0000.0184403597344347,+0000.4264429970143194,+0000.5551166432512472
+0000.0202555413610477,+0000.4246286204158838,+0000.5551158382230699
+0000.0221506077295258,+0000.4227333473247143,+0000.5551160449457613
+0000.0241246559347118,+0000.4207579828735660,+0000.5551173611917235
+0000.0261767513332674,+0000.4187033639598946,+0000.5551198847068394
+0000.0283059279619899,+0000.4165703588710321,+0000.5551237131669794
+0000.0305111889687936,+0000.4143598668968941,+0000.5551289441343137
+0000.0327915070561742,+0000.4120728179302208,+0000.5551356750136063
+0000.0351458249368530,+0000.4097101720546100,+0000.5551440030085384
+0000.0375730558015294,+0000.4072729191205396,+0000.5551540250779322
+0000.0400720837984816,+0000.4047620783095401,+0000.5551658378919796
+0000.0426417645247321,+0000.4021786976866937,+0000.5551795377885756
+0000.0452809255286989,+0000.3995238537417022,+0000.5551952207296001
+0000.0479883668239951,+0000.3967986509186858,+0000.5552129822573204
+0000.0507628614142440,+0000.3940042211349412,+0000.5552329174508163
+0000.0536031558285500,+0000.3911417232888507,+0000.5552551208826008
+0000.0565079706675425,+0000.3882123427571793,+0000.5552796865752796
+0000.0594760011596887,+0000.3852172908819611,+0000.5553067079583516
+0000.0625059177275463,+0000.3821578044472035,+0000.5553362778252513
+0000.0655963665638644,+0000.3790351451456483,+0000.5553684882904887
+0000.0687459702172325,+0000.3758505990357640,+0000.5554034307470048
+0000.0719533281868668,+0000.3726054759893438,+0000.5554411958237907
+0000.0752170175265534,+0000.3693011091297280,+0000.5554818733437201
+0000.0785355934572871,+0000.3659388542611282,+0000.5555255522815861
+0000.0819075899883206,+0000.3625200892891531,+0000.5555723207225278
+0000.0853315205465698,+0000.3590462136327713,+0000.5556222658206600
+0000.0888058786138752,+0000.3555186476280474,+0000.5556754737580786
+0000.0923291383718917,+0000.3519388319239646,+0000.5557320297041451
+0000.0958997553544998,+0000.3483082268703019,+0000.5557920177751995
+0000.0995161671072237,+0000.3446283118981898,+0000.5558555209945881
+0000.1031767938534524,+0000.3409005848934581,+0000.5559226212530908
+0000.1068800391674413,+0000.3371265615627799,+0000.5559933992697801
+0000.1106242906531215,+0000.3333077747935822,+0000.5560679345532978
+0000.1144079206293737,+0000.3294457740069865,+0000.5561463053636410
+0000.1182292868205665,+0000.3255421245051923,+0000.5562285886742424
+0000.1220867330527890,+0000.3215984068124284,+0000.5563148601347839
+0000.1259785899548657,+0000.3176162160108925,+0000.5564051940342432
+0000.1299031756644231,+0000.3135971610708286,+0000.5564996632647498
+0000.1338587965382696,+0000.3095428641761193,+0000.5565983392856125
+0000.1378437478669887,+0000.3054549600446525,+0000.5567012920883601
+0000.1418563145933695,+0000.3013350952447388,+0000.5568085901618931
+0000.1458947720345756,+0000.2971849275068352,+0000.5569203004585906
+0000.1499573866073028,+0000.2930061250319694,+0000.5570364883607292
+0000.1540424165561561,+0000.2888003657960402,+0000.5571572176478050
+0000.1581481126845724,+0000.2845693368512504,+0000.5572825504641785
+0000.1622727190879401,+0000.2803147336243781,+0000.5574125472876832
+0000.1664144738890296,+0000.2760382592122520,+0000.5575472668987196
+0000.1705716099748652,+0000.2717416236751435,+0000.5576867663499925
+0000.1747423557352728,+0000.2674265433275739,+0000.5578311009371546
+0000.1789249358022422,+0000.2630947400278680,+0000.5579803241698911
+0000.1831175717903371,+0000.2587479404656330,+0000.5581344877440314
+0000.1873184830374450,+0000.2543878754485305,+0000.5582936415140257
+0000.1915258873456766,+0000.2500162791876798,+0000.5584578334666448
+0000.1957380017221364,+0000.2456348885828862,+0000.5586271096949788
+0000.1999530431193716,+0000.2412454425070362,+0000.5588015143735934
+0000.2041692291748053,+0000.2368496810910190,+0000.5589810897341769
+0000.2083847789493411,+0000.2324493450083634,+0000.5591658760422967
+0000.2125979136644701,+0000.2280461747609355,+0000.5593559115745957
+0000.2168068574376337,+0000.2236419099650861,+0000.5595512325972815
+0000.2210098380156890,+0000.2192382886392745,+0000.5597518733450377
+0000.2252050875060476,+0000.2148370464929284,+0000.5599578660010253
+0000.2293908431051920,+0000.2104399162171369,+0000.5601692406776724
+0000.2335653478242582,+0000.2060486267773760,+0000.5603860253983670
+0000.2377268512115757,+0000.2016649027084866,+0000.5606082460799392
+0000.2418736100713611,+0000.1972904634124296,+0000.5608359265162106
+0000.2460038891789817,+0000.1929270224587003,+0000.5610690883623193
+0000.2501159619918327,+0000.1885762868882720,+0000.5613077511198964
+0000.2542081113560455,+0000.1842399565205692,+0000.5615519321233866
+0000.2582786302082835,+0000.1799197232647122,+0000.5618016465270056
+0000.2623258222727571,+0000.1756172704342938,+0000.5620569072929505
+0000.2663480027529226,+0000.1713342720669195,+0000.5623177251801591
+0000.2703434990175146,+0000.1670723922479838,+0000.5625841087345030
+0000.2743106512808746,+0000.1628332844396777,+0000.5628560642794492
+0000.2782478132772120,+0000.1586185908147122,+0000.5631335959080771
+0000.2821533529283156,+0000.1544299415959454,+0000.5634167054757401
+0000.2860256530047616,+0000.1502689544012277,+0000.5637053925940121
+0000.2898631117802145,+0000.1461372335945203,+0000.5639996546252665
+0000.2936641436782852,+0000.1420363696431373,+0000.5642994866785789
+0000.2974271799122422,+0000.1379679384813941,+0000.5646048816063650
+0000.3011506691168403,+0000.1339335008810486,+0000.5649158300021124
+0000.3048330779722119,+0000.1299346018287080,+0000.5652323201990813
+0000.3084728918195286,+0000.1259727699104834,+0000.5655543382699894
+0000.3120686152681790,+0000.1220495167040542,+0000.5658818680277681
+0000.3156187727943341,+0000.1181663361786015,+0000.5662148910270657
+0000.3191219093303110,+0000.1143247041025013,+0000.5665533865671890
+0000.3225765908449642,+0000.1105260774594862,+0000.5668973316955511
+0000.3259814049145895,+0000.1067718938728840,+0000.5672467012125277
+0000.3293349612840938,+0000.1030635710389319,+0000.5676014676769756
+0000.3326358924183471,+0000.0994025061685692,+0000.5679616014130852
+0000.3358828540435065,+0000.0957900754386793,+0000.5683270705178156
+0000.3390745256777629,+0000.0922276334524133,+0000.5686978408698251
