+0000.0000000000000000,+0000.0000000000000000,+0000.0000000000000000,+0000.9999999999999996
+0000.0000000025003751,+0000.0000000000000277,+0000.0000000000000001,+0000.9999999974995964
+0000.0000000399940247,+0000.0000000000017523,+0000.0000000000000158,+0000.9999999600042064
+0000.0000002023690022,+0000.0000000000196654,+0000.0000000000003515,+0000.9999997976109803
+0000.0000006391418038,+0000.0000000001088057,+0000.0000000000028899,+0000.9999993607465006
+0000.0000015590152237,+0000.0000000004097071,+0000.0000000000135711,+0000.9999984405614971
+0000.0000032292617723,+0000.0000000012122065,+0000.0000000000445759,+0000.9999967694814450
+0000.0000059749319352,+0000.0000000030395248,+0000.0000000001154061,+0000.9999940219131334
+0000.0000101778891000,+0000.0000000067493847,+0000.0000000002556114,+0000.9999898151059031
+0000.0000162756775417,+0000.0000000136463189,+0000.0000000005127888,+0000.9999837101633503
+0000.0000247602308991,+0000.0000000256051377,+0000.0000000009636552,+0000.9999752132003077
+0000.0000361764240963,+0000.0000000452141859,+0000.0000000017195832,+0000.9999637766421341
+0000.0000511204669630,+0000.0000000759448622,+0000.0000000029220859,+0000.9999488006660879
+0000.0000702381400917,+0000.0000001223382185,+0000.0000000047380365,+0000.9999296347836529
+0000.0000942228825259,+0000.0000001901879950,+0000.0000000073717415,+0000.9999055795577374
+0000.0001238137474109,+0000.0000002867117903,+0000.0000000110962097,+0000.9998758884445885
+0000.0001597932371789,+0000.0000004207308349,+0000.0000000162799899,+0000.9998397697519957
+0000.0002029850174513,+0000.0000006028895773,+0000.0000000233811490,+0000.9997963887118219
+0000.0002542515024881,+0000.0000008459162518,+0000.0000000329124527,+0000.9997448696688067
+0000.0003144913144179,+0000.0000011648799601,+0000.0000000454224373,+0000.9996842983831838
+0000.0003846366364623,+0000.0000015773941580,+0000.0000000615343246,+0000.9996137244350549
+0000.0004656504878771,+0000.0000021037723273,+0000.0000000820261714,+0000.9995321637136235
+0000.0005585239346749,+0000.0000027672070491,+0000.0000001078776105,+0000.9994386009806651
+0000.0006642732272268,+0000.0000035940379034,+0000.0000001402252831,+0000.9993319925095862
+0000.0007839368484676,+0000.0000046140821264,+0000.0000001802632062,+0000.9992112688061994
+0000.0009185724761853,+0000.0000058609137331,+0000.0000002292022222,+0000.9990753374078593
+0000.0010692538924759,+0000.0000073720014534,+0000.0000002883640123,+0000.9989230857420579
+0000.0012370678814952,+0000.0000091887534708,+0000.0000003593448331,+0000.9987533840202005
+0000.0014231111307468,+0000.0000113566304041,+0000.0000004440842357,+0000.9985650881546130
+0000.0016284871147610,+0000.0000139254355839,+0000.0000005447438620,+0000.9983570427057926
+0000.0018543029316969,+0000.0000169496963990,+0000.0000006634994668,+0000.9981280838724367
+0000.0021016660963790,+0000.0000204889097653,+0000.0000008024729625,+0000.9978770425208927
+0000.0023716813373707,+0000.0000246075151279,+0000.0000009639197837,+0000.9976027472277174
+0000.0026654474544414,+0000.0000293747237615,+0000.0000011505187100,+0000.9973040273030864
+0000.0029840542520267,+0000.0000348645029207,+0000.0000013654625554,+0000.9969797157824966
+0000.0033285795115418,+0000.0000411558739964,+0000.0000016122129462,+0000.9966286524015151
+0000.0037000859556798,+0000.0000483333356626,+0000.0000018941337432,+0000.9962496865749138
+0000.0040996182063913,+0000.0000564870232295,+0000.0000022143923877,+0000.9958416803779911
+0000.0045281997997752,+0000.0000657124164391,+0000.0000025762876745,+0000.9954035114961107
+0000.0049868303313353,+0000.0000761098526937,+0000.0000029837143617,+0000.9949340761016088
+0000.0054764827473918,+0000.0000877843334895,+0000.0000034412738622,+0000.9944322916452559
+0000.0059981007264458,+0000.0001008458363612,+0000.0000039538505884,+0000.9938970995866044
+0000.0065525960821517,+0000.0001154097898914,+0000.0000045260323514,+0000.9933274680956050
+0000.0071408461855017,+0000.0001315971078040,+0000.0000051619808379,+0000.9927223947258559
+0000.0077636914856810,+0000.0001495335424596,+0000.0000058659540164,+0000.9920809090178425
+0000.0084219332221345,+0000.0001693487972800,+0000.0000066429985746,+0000.9914020749820105
+0000.0091163313444064,+0000.0001911761300605,+0000.0000074990769150,+0000.9906849934486176
+0000.0098476025623453,+0000.0002151527119292,+0000.0000084404061732,+0000.9899288043195520
+0000.0106164184331705,+0000.0002414201895342,+0000.0000094726096802,+0000.9891326887676144
+0000.0114234034763530,+0000.0002701245761027,+0000.0000106005598843,+0000.9882958713876598
+0000.0122691334121975,+0000.0003014151826446,+0000.0000118291547344,+0000.9874176222504227
+0000.0131541336378298,+0000.0003354432701821,+0000.0000131642932041,+0000.9864972587987837
+0000.0140788779593640,+0000.0003723614545001,+0000.0000146130134644,+0000.9855341475726709
+0000.0150437874805785,+0000.0004123241761129,+0000.0000161825339197,+0000.9845277058093884
+0000.0160492295263630,+0000.0004554884130340,+0000.0000178790809591,+0000.9834774029796435
+0000.0170955165825724,+0000.0005020134370635,+0000.0000197077111716,+0000.9823827622691921
+0000.0181829053644229,+0000.0005520592822121,+0000.0000216734037225,+0000.9812433619496421
+0000.0193115961504507,+0000.0006057849082345,+0000.0000237823741326,+0000.9800588365671816
+0000.0204817324053345,+0000.0006633474435555,+0000.0000260422173871,+0000.9788288779337224
+0000.0216934005697555,+0000.0007249028600466,+0000.0000284605913216,+0000.9775532359788758
+0000.0229466298650460,+0000.0007906069264038,+0000.0000310436694785,+0000.9762317195390715
+0000.0242413920822714,+0000.0008606148644039,+0000.0000337959526963,+0000.9748641971006279
+0000.0255776014835791,+0000.0009350793436164,+0000.0000367217394005,+0000.9734505974334037
+0000.0269551149783492,+0000.0010141481595589,+0000.0000398268302841,+0000.9719909100318076
+0000.0283737326050424,+0000.0010979633811383,+0000.0000431186693102,+0000.9704851853445086
+0000.0298331981761003,+0000.0011866623481830,+0000.0000466046134199,+0000.9689335348622962
+0000.0313331999017209,+0000.0012803789760916,+0000.0000502899650802,+0000.9673361311571066
+0000.0328733709475761,+0000.0013792433693021,+0000.0000541777858982,+0000.9656932078972233
+0000.0344532900690710,+0000.0014833793584409,+0000.0000582708036805,+0000.9640050597688068
+0000.0360724825122744,+0000.0015929017245017,+0000.0000625735556700,+0000.9622720422075537
+0000.0377304212237580,+0000.0017079153395629,+0000.0000670925199010,+0000.9604945709167775
+0000.0394265282083390,+0000.0018285166191685,+0000.0000718339213089,+0000.9586731212511833
+0000.0411601758180777,+0000.0019547952995463,+0000.0000768013061398,+0000.9568082275762360
+0000.0429306879105802,+0000.0020868340801218,+0000.0000819953718438,+0000.9549004826374538
+0000.0447373410326026,+0000.0022247057398625,+0000.0000874163636331,+0000.9529505368639014
+0000.0465793658484943,+0000.0023684699592129,+0000.0000930666965560,+0000.9509590974957364
+0000.0484559488712257,+0000.0025181725543432,+0000.0000989510694672,+0000.9489269275049635
+0000.0503662343201481,+0000.0026738475173548,+0000.0001050737659247,+0000.9468548443965720
+0000.0523093258566370,+0000.0028355193850900,+0000.0001114357416378,+0000.9447437190166349
+0000.0542842881163247,+0000.0030032029863966,+0000.0001180344852968,+0000.9425944744119815
+0000.0562901482054493,+0000.0031769001856551,+0000.0001248669482481,+0000.9404080846606470
+0000.0583258974116369,+0000.0033565963640248,+0000.0001319326761512,+0000.9381855735481867
+0000.0603904932067761,+0000.0035422598457434,+0000.0001392338979362,+0000.9359280130495442
+0000.0624828613554848,+0000.0037338446450549,+0000.0001467722900816,+0000.9336365217093784
+0000.0646018978492559,+0000.0039312935291632,+0000.0001545455582956,+0000.9313122630632851
+0000.0667464705633331,+0000.0041345379378594,+0000.0001625473430002,+0000.9289564441558068
+0000.0689154208129951,+0000.0043434944027853,+0000.0001707707138976,+0000.9265703140703214
+0000.0711075650910442,+0000.0045580607477338,+0000.0001792118305880,+0000.9241551623306338
+0000.0733216970883502,+0000.0047781157900541,+0000.0001878699993615,+0000.9217123171222339
+0000.0755565898052017,+0000.0050035228843943,+0000.0001967438812113,+0000.9192431434291924
+0000.0778109974440364,+0000.0052341337522826,+0000.0002058275595902,+0000.9167490412440904
+0000.0800836569569500,+0000.0054697886222429,+0000.0002151105019717,+0000.9142314439188354
+0000.0823732894305316,+0000.0057103123637059,+0000.0002245816369063,+0000.9116918165688558
+0000.0846786016214093,+0000.0059555104534143,+0000.0002342335502471,+0000.9091316543749289
+0000.0869982877724070,+0000.0062051690072352,+0000.0002440625035284,+0000.9065524807168289
+0000.0893310315163962,+0000.0064590591694125,+0000.0002540640790403,+0000.9039558452351507
+0000.0916755075311870,+0000.0067169417401239,+0000.0002642287364249,+0000.9013433219922640
+0000.0940303827929009,+0000.0069785675556800,+0000.0002745418381806,+0000.8987165078132384
+0000.0963943176127457,+0000.0072436733583494,+0000.0002849883108635,+0000.8960770207180409
+0000.0987659668009058,+0000.0075119775547959,+0000.0002955573700296,+0000.8934264982742681
+0000.1011439811190106,+0000.0077831805967735,+0000.0003062424953870,+0000.8907665957888286
+0000.1035270088326979,+0000.0080569702145437,+0000.0003170365200773,+0000.8880989844326808
+0000.1059136970028843,+0000.0083330268256162,+0000.0003279266897664,+0000.8854253494817329
+0000.1083026923352386,+0000.0086110241409492,+0000.0003388947553513,+0000.8827473887684608
+0000.1106926417707157,+0000.0088906247698814,+0000.0003499222029321,+0000.8800668112564705
+0000.1130821931892241,+0000.0091714757708775,+0000.0003609954868587,+0000.8773853355530391
+0000.1154699964219201,+0000.0094532093581886,+0000.0003721059588956,+0000.8747046882609950
+0000.1178547043931196,+0000.0097354489245948,+0000.0003832444231691,+0000.8720266022591162
+0000.1202349740085107,+0000.0100178151646944,+0000.0003943957219969,+0000.8693528151047977
+0000.1226094665791918,+0000.0102999268589483,+0000.0004055388936967,+0000.8666850676681629
+0000.1249768479575058,+0000.0105813961909270,+0000.0004166529385951,+0000.8640251029129717
+0000.1273357887819908,+0000.0108618240650870,+0000.0004277225263131,+0000.8613746646266085
+0000.1296849650625979,+0000.0111408010758935,+0000.0004387378789304,+0000.8587354959825780
+0000.1320230589412580,+0000.0114179142138508,+0000.0004496888274880,+0000.8561093380174029
+0000.1343487592256107,+0000.0116927535908055,+0000.0004605589588579,+0000.8534979282247254
+0000.1366607614536442,+0000.0119649133243879,+0000.0004713258307980,+0000.8509029993911699
+0000.1389577676530364,+0000.0122339865275136,+0000.0004819672243669,+0000.8483262785950827
+0000.1412384862137992,+0000.0124995603472545,+0000.0004924672794179,+0000.8457694861595279
+0000.1435016321415500,+0000.0127612170984291,+0000.0005028163352266,+0000.8432343344247938
+0000.1457459275448765,+0000.0130185415036609,+0000.0005130045385960,+0000.8407225264128662
+0000.1479701019388930,+0000.0132711278715915,+0000.0005230155953869,+0000.8382357545941284
+0000.1501728920894696,+0000.0135185809843553,+0000.0005328270291885,+0000.8357756998969862
+0000.1523530415444149,+0000.0137605107109046,+0000.0005424168548442,+0000.8333440308898359
+0000.1545093002864942,+0000.0139965267094667,+0000.0005517700856107,+0000.8309424029184280
+0000.1566404248115963,+0000.0142262396037800,+0000.0005608785388769,+0000.8285724570457464
+0000.1587451785073683,+0000.0144492685774119,+0000.0005697340593948,+0000.8262358188558245
+0000.1608223319022936,+0000.0146652488328443,+0000.0005783219274714,+0000.8239340973373903
+0000.1628706624753882,+0000.0148738323776533,+0000.0005866211422024,+0000.8216688840047557
+0000.1648889541499018,+0000.0150746822166362,+0000.0005946114370784,+0000.8194417521963830
+0000.1668759969168391,+0000.0152674666607958,+0000.0006022800938530,+0000.8172542563285118
+0000.1688305869261172,+0000.0154518604144574,+0000.0006096217257216,+0000.8151079309337034
+0000.1707515269459571,+0000.0156275523295160,+0000.0006166311915538,+0000.8130042895329727
+0000.1726376267517817,+0000.0157942529666996,+0000.0006232967199920,+0000.8109448235615264
+0000.1744877031003451,+0000.0159516951839247,+0000.0006296001934514,+0000.8089310015222784
+0000.1763005793845526,+0000.0160996278786923,+0000.0006355244155567,+0000.8069642683211978
+0000.1780750854198861,+0000.0162378098601835,+0000.0006410601607671,+0000.8050460445591628
+0000.1798100577326865,+0000.0163660107208009,+0000.0006462059524823,+0000.8031777255940299
+0000.1815043402788074,+0000.0164840185586201,+0000.0006509607549330,+0000.8013606804076390
+0000.1831567851492446,+0000.0165916474724405,+0000.0006553168783335,+0000.7995962504999808
+0000.1847662528844370,+0000.0166887378781563,+0000.0006592602360487,+0000.7978857490013576
+0000.1863316124606063,+0000.0167751498017348,+0000.0006627777653461,+0000.7962304599723123
+0000.1878517413980305,+0000.0168507562970814,+0000.0006658646384032,+0000.7946316376664846
+0000.1893255263913838,+0000.0169154439954235,+0000.0006685240579735,+0000.7930905055552189
+0000.1907518644206094,+0000.0169691206231500,+0000.0006707598223338,+0000.7916082551339063
+0000.1921296638987035,+0000.0170117222880024,+0000.0006725690809991,+0000.7901860447322946
+0000.1934578454455588,+0000.0170432134840098,+0000.0006739425347717,+0000.7888249985356591
+0000.1947353423156315,+0000.0170635799739326,+0000.0006748719062683,+0000.7875262058041671
+0000.1959611009227360,+0000.0170728217713724,+0000.0006753572370756,+0000.7862907200688155
+0000.1971340818884350,+0000.0170709532931943,+0000.0006754067284788,+0000.7851195580898916
+0000.1982532616045377,+0000.0170580105322681,+0000.0006750292811200,+0000.7840136985820736
+0000.1993176338702734,+0000.0170340580298601,+0000.0006742271734119,+0000.7829740809264540
+0000.2003262111634967,+0000.0169991885727439,+0000.0006729961727165,+0000.7820016040910422
+0000.2012780255356972,+0000.0169535157479574,+0000.0006713329504257,+0000.7810971257659192
+0000.2021721295620665,+0000.0168971665489129,+0000.0006692423915880,+0000.7802614614974319
+0000.2030075977959680,+0000.0168302810954999,+0000.0006667375123609,+0000.7794953835961708
+0000.2037835287515194,+0000.0167530193624633,+0000.0006638320794083,+0000.7787996198066083
+0000.2044990469842639,+0000.0166655677778116,+0000.0006605332838777,+0000.7781748519540461
+0000.2051533048029767,+0000.0165681386617683,+0000.0006568417317261,+0000.7776217148035284
+0000.2057454835634250,+0000.0164609625806762,+0000.0006527586997537,+0000.7771407951561446
+0000.2062747949583890,+0000.0163442806783077,+0000.0006482933877158,+0000.7767326309755870
+0000.2067404827721989,+0000.0162183439701044,+0000.0006434629471901,+0000.7763977103105061
+0000.2071418251578538,+0000.0160834195725682,+0000.0006382852859131,+0000.7761364699836643
+0000.2074781370210446,+0000.0159397969134889,+0000.0006327718089003,+0000.7759492942565658
+0000.2077487720227801,+0000.0157877870055639,+0000.0006269272569065,+0000.7758365137147489
+0000.2079531241125127,+0000.0156277147644744,+0000.0006207567045516,+0000.7757984044184609
+0000.2080906289849714,+0000.0154599112026055,+0000.0006142726903840,+0000.7758351871220386
+0000.2081607659438252,+0000.0152847123424963,+0000.0006074953933715,+0000.7759470263203063
+0000.2081630602649800,+0000.0151024649349498,+0000.0006004457241350,+0000.7761340290759347
+0000.2080970856635659,+0000.0149135323082902,+0000.0005931382014623,+0000.7763962438266809
+0000.2079624663605317,+0000.0147182936039794,+0000.0005855806099755,+0000.7767336594255128
+0000.2077588786232535,+0000.0145171362509261,+0000.0005777806490508,+0000.7771462044767691
+0000.2074860521487614,+0000.0143104481842766,+0000.0005697528830915,+0000.7776337467838700
+0000.2071437717833237,+0000.0140986164534927,+0000.0005615191015367,+0000.7781960926616461
+0000.2067318797058847,+0000.0138820324517448,+0000.0005531017922465,+0000.7788329860501235
+0000.2062502777042430,+0000.0136610974630772,+0000.0005445172163345,+0000.7795441076163447
+0000.2056989290304938,+0000.0134362220085315,+0000.0005357748592189,+0000.7803290741017552
+0000.2050778596751708,+0000.0132078186803263,+0000.0005268836490623,+0000.7811874379954402
+0000.2043871594012701,+0000.0129762945593859,+0000.0005178586771942,+0000.7821186873621493
+0000.2036269830380296,+0000.0127420496116733,+0000.0005087217751891,+0000.7831222455751075
+0000.2027975521960311,+0000.0125054814748891,+0000.0004994954555888,+0000.7841974708734906
+0000.2018991570620480,+0000.0122669907807176,+0000.0004901962408356,+0000.7853436559163984
+0000.2009321577576277,+0000.0120269807646205,+0000.0004808338859039,+0000.7865600275918472
+0000.1998969850692804,+0000.0117858506572601,+0000.0004714170970495,+0000.7878457471764095
+0000.1987941408617927,+0000.0115439884688635,+0000.0004619599804832,+0000.7891999106888602
+0000.1976241986761892,+0000.0113017692713582,+0000.0004524828656202,+0000.7906215491868318
+0000.1963878047063438,+0000.0110595595983721,+0000.0004430067851905,+0000.7921096289100931
+0000.1950856788464941,+0000.0108177226228489,+0000.0004335471053752,+0000.7936630514252810
+0000.1937186152980275,+0000.0105766181708152,+0000.0004241125030619,+0000.7952806540280949
+0000.1922874825159887,+0000.0103365968429460,+0000.0004147101293639,+0000.7969612105117009
+0000.1907932227754921,+0000.0100979933116964,+0000.0004053517529140,+0000.7987034321598970
+0000.1892368518563630,+0000.0098611245764627,+0000.0003960548519183,+0000.8005059687152554
+0000.1876194590701511,+0000.0096262940292095,+0000.0003868376899664,+0000.8023674092106725
+0000.1859422073588723,+0000.0093937965560615,+0000.0003777132846504,+0000.8042862828004153
+0000.1842063329651768,+0000.0091639190661695,+0000.0003686881280950,+0000.8062610598405581
+0000.1824131444314043,+0000.0089369354755649,+0000.0003597667545437,+0000.8082901533384864
+0000.1805640211752564,+0000.0087131006264687,+0000.0003509575527173,+0000.8103719206455571
+0000.1786604121320720,+0000.0084926485799941,+0000.0003422741410421,+0000.8125046651468911
+0000.1767038347147080,+0000.0082757963844948,+0000.0003337310777608,+0000.8146866378230359
+0000.1746958738599798,+0000.0080627491456617,+0000.0003253381948319,+0000.8169160387995260
+0000.1726381806789184,+0000.0078537011393820,+0000.0003170990566894,+0000.8191910191250096
+0000.1705324704502284,+0000.0076488317370103,+0000.0003090149067733,+0000.8215096829059874
+0000.1683805201712308,+0000.0074483000093979,+0000.0003010901310544,+0000.8238700896883164
+0000.1661841661426973,+0000.0072522430904750,+0000.0002933339211173,+0000.8262702568457099
+0000.1639453018612767,+0000.0070607796621688,+0000.0002857566382385,+0000.8287081618383156
+0000.1616658760293142,+0000.0068740150052483,+0000.0002783645287661,+0000.8311817444366709
+0000.1593478902225778,+0000.0066920427147510,+0000.0002711579230161,+0000.8336889091396547
+0000.1569933959419645,+0000.0065149415859846,+0000.0002641345515272,+0000.8362275279205231
+0000.1546044912294409,+0000.0063427709141496,+0000.0002572946489349,+0000.8387954432074741
+0000.1521833173055971,+0000.0061755689274447,+0000.0002506428989485,+0000.8413904708680091
+0000.1497320555202447,+0000.0060133559760637,+0000.0002441854527474,+0000.8440104030509435
+0000.1472529244667484,+0000.0058561395406955,+0000.0002379250318817,+0000.8466530109606736
+0000.1447481768286884,+0000.0057039165166402,+0000.0002318588767397,+0000.8493160477779310
+0000.1422200956763167,+0000.0055566710197066,+0000.0002259814391287,+0000.8519972518648473
+0000.1396709903585795,+0000.0054143703418869,+0000.0002202891220910,+0000.8546943501774421
+0000.1371031924237287,+0000.0052769634200324,+0000.0002147824897636,+0000.8574050616664749
+0000.1345190518719017,+0000.0051443836921965,+0000.0002094639216087,+0000.8601271005142925
+0000.1319209336301870,+0000.0050165540079373,+0000.0002043330996952,+0000.8628581792621798
+0000.1293112138507670,+0000.0048933893988405,+0000.0001993847241680,+0000.8655960120262238
+0000.1266922757453513,+0000.0047747957093297,+0000.0001946106040904,+0000.8683383179412281
+0000.1240665050671188,+0000.0046606661257843,+0000.0001900040344711,+0000.8710828247726252
+0000.1214362856434932,+0000.0045508796215425,+0000.0001855622431112,+0000.8738272724918525
+0000.1188039952690842,+0000.0044453034266468,+0000.0001812846446668,+0000.8765694166596015
+0000.1161720018867686,+0000.0043437977589970,+0000.0001771687014366,+0000.8793070316527971
+0000.1135426596926112,+0000.0042462189602141,+0000.0001732074315655,+0000.8820379139156087
+0000.1109183048775319,+0000.0041524188138954,+0000.0001693909345173,+0000.8847598853740550
+0000.1083012510826284,+0000.0040622415348209,+0000.0001657104114878,+0000.8874707969710623
+0000.1056937849370994,+0000.0039755221173355,+0000.0001621608111786,+0000.8901685321343862
+0000.1030981619872872,+0000.0038920883581370,+0000.0001587396322494,+0000.8928510100223257
+0000.1005166029797194,+0000.0038117653138354,+0000.0001554431408046,+0000.8955161885656400
+0000.0979512901705402,+0000.0037343786561321,+0000.0001522637054378,+0000.8981620674678892
+0000.0954043633778743,+0000.0036597545133355,+0000.0001491908068190,+0000.9007866913019708
+0000.0928779158204102,+0000.0035877167913169,+0000.0001462147117620,+0000.9033881526765104
+0000.0903739900723805,+0000.0035180853527374,+0000.0001433292709188,+0000.9059645953039628
+0000.0878945744366126,+0000.0034506775390237,+0000.0001405312054474,+0000.9085142168189158
+0000.0854415997294399,+0000.0033853122601474,+0000.0001378166604807,+0000.9110352713499317
+0000.0830169361879410,+0000.0033218134143106,+0000.0001351784092633,+0000.9135260719884846
+0000.0806223902230067,+0000.0032600100796683,+0000.0001326064076996,+0000.9159849932896249
+0000.0782597010291907,+0000.0031997340407930,+0000.0001300911355776,+0000.9184104737944383
+0000.0759305373393881,+0000.0031408177412653,+0000.0001276264918636,+0000.9208010184274826
+0000.0736364946131567,+0000.0030830952704580,+0000.0001252094918529,+0000.9231552006245318
+0000.0713790926794655,+0000.0030264060054854,+0000.0001228371340942,+0000.9254716641809544
+0000.0691597735827190,+0000.0029705979481361,+0000.0001205035233999,+0000.9277491249457444
+0000.0669798993658204,+0000.0029155281025328,+0000.0001182000403916,+0000.9299863724912545
+0000.0648407497706687,+0000.0028610600991374,+0000.0001159183656897,+0000.9321822717645036
+0000.0627435200997177,+0000.0028070618912407,+0000.0001136534131074,+0000.9343357645959338
+0000.0606893195094147,+0000.0027534062026517,+0000.0001114033574600,+0000.9364458709304729
+0000.0586791697789704,+0000.0026999736677853,+0000.0001091667926111,+0000.9385116897606329
+0000.0567140043417084,+0000.0026466559604780,+0000.0001069398296361,+0000.9405323998681772
+0000.0547946673258267,+0000.0025933562173999,+0000.0001047159580095,+0000.9425072604987634
+0000.0529219125570664,+0000.0025399866830203,+0000.0001024887698768,+0000.9444356119900359
+0000.0510964027214219,+0000.0024864661579179,+0000.0001002548681852,+0000.9463168762524745
+0000.0493187089363685,+0000.0024327199411296,+0000.0000980141428038,+0000.9481505569796977
+0000.0475893107928248,+0000.0023786824484880,+0000.0000957671993315,+0000.9499362395593556
+0000.0459085966925575,+0000.0023243000403589,+0000.0000935124937041,+0000.9516735907733790
+0000.0442768642440998,+0000.0022695313858200,+0000.0000912459653419,+0000.9533623584047378
+0000.0426943206447341,+0000.0022143450918093,+0000.0000889634788548,+0000.9550023707846013
+0000.0411610832015488,+0000.0021587169528705,+0000.0000866636430809,+0000.9565935362024993
+0000.0396771802146174,+0000.0021026294615979,+0000.0000843482541336,+0000.9581358420696505
+0000.0382425522992806,+0000.0020460739226217,+0000.0000820199780336,+0000.9596293538000638
+0000.0368570540090061,+0000.0019890529241487,+0000.0000796795861279,+0000.9610742134807165
+0000.0355204555405050,+0000.0019315805788392,+0000.0000773254409900,+0000.9624706384396653
+0000.0342324444275772,+0000.0018736801428593,+0000.0000749556720178,+0000.9638189197575453
+0000.0329926273333396,+0000.0018153811567859,+0000.0000725708424486,+0000.9651194206674254
+0000.0318005321362578,+0000.0017567186337104,+0000.0000701744821885,+0000.9663725747478427
+0000.0306556103986907,+0000.0016977347210658,+0000.0000677710117671,+0000.9675788838684763
+0000.0295572401146002,+0000.0016384807986028,+0000.0000653631437167,+0000.9687389159430800
+0000.0285047285391311,+0000.0015790175727156,+0000.0000629512991183,+0000.9698533025890346
+0000.0274973149899679,+0000.0015194127303543,+0000.0000605355315351,+0000.9709227367481423
+0000.0265341736892089,+0000.0014597380936185,+0000.0000581179822331,+0000.9719479702349392
+0000.0256144168133753,+0000.0014000686220626,+0000.0000557034328037,+0000.9729298111317579
+0000.0247370978486314,+0000.0013404837017840,+0000.0000532974629527,+0000.9738691209866313
+0000.0239012151818379,+0000.0012810688847487,+0000.0000509040811726,+0000.9747668118522403
+0000.0231057157528617,+0000.0012219158486644,+0000.0000485251435487,+0000.9756238432549249
+0000.0223494986461960,+0000.0011631201613561,+0000.0000461620373834,+0000.9764412191550641
+0000.0216314186537436,+0000.0011047785921169,+0000.0000438178699153,+0000.9772199848842239
+0000.0209502899488077,+0000.0010469880782544,+0000.0000414979803921,+0000.9779612239925455
+0000.0203048899747204,+0000.0009898467362272,+0000.0000392083293458,+0000.9786660549597059
+0000.0196939635103691,+0000.0009334552799281,+0000.0000369534173269,+0000.9793356277923757
+0000.0191162267625258,+0000.0008779168837802,+0000.0000347357680845,+0000.9799711205856090
+0000.0185703713557133,+0000.0008233351512624,+0000.0000325573792095,+0000.9805737361138143
+0000.0180550682193758,+0000.0007698117310284,+0000.0000304215964247,+0000.9811446984531706
+0000.0175689714862691,+0000.0007174453949742,+0000.0000283335364229,+0000.9816852495823334
+0000.0171107225101028,+0000.0006663328672927,+0000.0000262987101425,+0000.9821966459124617
+0000.0166789539937389,+0000.0006165699698293,+0000.0000243212810394,+0000.9826801547553921
+0000.0162722941034422,+0000.0005682514393769,+0000.0000224036623448,+0000.9831370507948358
+0000.0158893704368067,+0000.0005214691974889,+0000.0000205477373290,+0000.9835686126283749
+0000.0155288138175504,+0000.0004763104073960,+0000.0000187563795219,+0000.9839761193955314
+0000.0151892620072074,+0000.0004328567912734,+0000.0000170337507946,+0000.9843608474507242
+0000.0148693634446656,+0000.0003911853594335,+0000.0000153841654229,+0000.9847240670304773
+0000.0145677810314937,+0000.0003513693286948,+0000.0000138107295167,+0000.9850670389102941
+0000.0142831958637235,+0000.0003134779453749,+0000.0000123150872575,+0000.9853910111036437
+0000.0140143107790199,+0000.0002775751424124,+0000.0000108984082510,+0000.9856972156703162
+0000.0137598536710505,+0000.0002437181452086,+0000.0000095625236315,+0000.9859868656601088
+0000.0135185806403747,+0000.0002119571209220,+0000.0000083100780441,+0000.9862611521606588
+0000.0132892790942446,+0000.0001823358634213,+0000.0000071436447308,+0000.9865212413976031
+0000.0130707708368327,+0000.0001548925172651,+0000.0000060647756743,+0000.9867682718702274
+0000.0128619150747105,+0000.0001296594472388,+0000.0000050739151705,+0000.9870033515628798
+0000.0126616112112654,+0000.0001066623453278,+0000.0000041711465853,+0000.9872275552968210
+0000.0124688013657509,+0000.0000859194528789,+0000.0000033569249812,+0000.9874419222563892
+0000.0122824726690494,+0000.0000674415883779,+0000.0000026320763755,+0000.9876474536661969
+0000.0121016594487792,+0000.0000512328079083,+0000.0000019971765785,+0000.9878451105667332
+0000.0119254453651147,+0000.0000372909461927,+0000.0000014520278354,+0000.9880358116608567
+0000.0117529654446618,+0000.0000256075550481,+0000.0000009957405808,+0000.9882204312597093
+0000.0115834078929620,+0000.0000161674908822,+0000.0000006272271442,+0000.9883997973890113
+0000.0114160156105167,+0000.0000089487718548,+0000.0000003455231124,+0000.9885746900945155
+0000.0112500874504388,+0000.0000039229780080,+0000.0000001496420379,+0000.9887458399295151
+0000.0110849793296972,+0000.0000010558669312,+0000.0000000382322607,+0000.9889139265711105
+0000.0109201052712728,+0000.0000003077190229,+0000.0000000094809753,+0000.9890795775287284
+0000.0107549383438833,+0000.0000016333455235,+0000.0000000613473832,+0000.9892433669632097
+0000.0105890113884994,+0000.0000049821521039,+0000.0000001917869362,+0000.9894058146724602
+0000.0104219174501343,+0000.0000102985989177,+0000.0000003986658643,+0000.9895673852850833
+0000.0102533099421596,+0000.0000175229143643,+0000.0000006794939666,+0000.9897284876495090
+0000.0100829026542385,+0000.0000265916072698,+0000.0000010313741980,+0000.9898894743642933
+0000.0099104696920161,+0000.0000374375813069,+0000.0000014513198291,+0000.9900506414068474
+0000.0097358453315675,+0000.0000499901933889,+0000.0000019366053434,+0000.9902122278696994
+0000.0095589236862188,+0000.0000641757561335,+0000.0000024847020355,+0000.9903744158556118
+0000.0093796581017554,+0000.0000799185220132,+0000.0000030928027369,+0000.9905373305734939
+0000.0091980603000967,+0000.0000971416056994,+0000.0000037574690177,+0000.9907010406251859
+0000.0090141993801716,+0000.0001157673030372,+0000.0000044748879984,+0000.9908655584287923
+0000.0088282007712837,+0000.0001357169243976,+0000.0000052415733407,+0000.9910308407309776
+0000.0086402451332675,+0000.0001569108709315,+0000.0000060547849503,+0000.9911967892108501
+0000.0084505671090754,+0000.0001792695133589,+0000.0000069121554719,+0000.9913632512220936
+0000.0082594538461517,+0000.0002027145844214,+0000.0000078108549131,+0000.9915300207145138
+0000.0080672433026306,+0000.0002271701701711,+0000.0000087472011099,+0000.9916968393260881
+0000.0078743224443115,+0000.0002525627270960,+0000.0000097172371509,+0000.9918633975914414
+0000.0076811254303659,+0000.0002788205800255,+0000.0000107177730248,+0000.9920293362165833
+0000.0074881317884699,+0000.0003058739807245,+0000.0000117468122275,+0000.9921942474185780
+0000.0072958644913935,+0000.0003336562865167,+0000.0000128028491147,+0000.9923576763729748
+0000.0071048878539494,+0000.0003621056221460,+0000.0000138837154801,+0000.9925191228084239
+0000.0069158052650648,+0000.0003911657814752,+0000.0000149862140895,+0000.9926780427393698
+0000.0067292568581763,+0000.0004207858304267,+0000.0000161070283836,+0000.9928338502830129
+0000.0065459172162720,+0000.0004509192241983,+0000.0000172440493438,+0000.9929859195101854
+0000.0063664931137475,+0000.0004815238218981,+0000.0000183967370600,+0000.9931335863272942
+0000.0061917212108892,+0000.0005125632881214,+0000.0000195650710782,+0000.9932761504299107
+0000.0060223656239936,+0000.0005440088784187,+0000.0000207481325956,+0000.9934128773649916
+0000.0058592153873027,+0000.0005758400915260,+0000.0000219438298406,+0000.9935430006913302
+0000.0057030819073986,+0000.0006080437583192,+0000.0000231501494506,+0000.9936657241848309
+0000.0055547965013404,+0000.0006406127557240,+0000.0000243667030124,+0000.9937802240399229
+0000.0054152080171321,+0000.0006735459724683,+0000.0000255949449541,+0000.9938856510654451
+0000.0052851804530819,+0000.0007068498699322,+0000.0000268367618676,+0000.9939811329151180
+0000.0051655905040577,+0000.0007405402547409,+0000.0000280928543590,+0000.9940657763868419
+0000.0050573250546728,+0000.0007746425374142,+0000.0000293626296513,+0000.9941386697782610
+0000.0049612787184436,+0000.0008091902349855,+0000.0000306458012761,+0000.9941988852452943
+0000.0048783515063871,+0000.0008442232931323,+0000.0000319440821874,+0000.9942454811182927
+0000.0048094466153909,+0000.0008797880294431,+0000.0000332611772236,+0000.9942775041779420
+0000.0047554682506183,+0000.0009159388145529,+0000.0000346010026714,+0000.9942939919321572
+0000.0047173194148364,+0000.0009527397187384,+0000.0000359659404312,+0000.9942939749259931
+0000.0046958996913174,+0000.0009902642630532,+0000.0000373569770854,+0000.9942764790685437
+0000.0046921031189536,+0000.0010285933022039,+0000.0000387756553352,+0000.9942405279235068
+0000.0047068162338232,+0000.0010678130080972,+0000.0000402258358145,+0000.9941851449222647
+0000.0047409162551209,+0000.0011080148542586,+0000.0000417133828625,+0000.9941093555077574
+0000.0047952693241213,+0000.0011492974104702,+0000.0000432440119747,+0000.9940121892534335
+0000.0048707287337998,+0000.0011917677835938,+0000.0000448214952965,+0000.9938926819873097
+0000.0049681331845258,+0000.0012355407872679,+0000.0000464481272184,+0000.9937498779009876
+0000.0050883051664395,+0000.0012807362169454,+0000.0000481270273496,+0000.9935828315892652
+0000.0052320495328392,+0000.0013274765918387,+0000.0000498638912731,+0000.9933906099840486
+0000.0054001522270859,+0000.0013758872819021,+0000.0000516662923308,+0000.9931722941986807
+0000.0055933790627745,+0000.0014260984436950,+0000.0000535411616328,+0000.9929269813318972
+0000.0058124744989527,+0000.0014782462135888,+0000.0000554930275019,+0000.9926537862599562
+0000.0060581604567844,+0000.0015324712662354,+0000.0000575248852082,+0000.9923518433917717
+0000.0063311352830572,+0000.0015889155392049,+0000.0000596408472113,+0000.9920203083305265
+0000.0066320729156634,+0000.0016477198700773,+0000.0000618478040699,+0000.9916583594101887
+0000.0069616221959691,+0000.0017090243997863,+0000.0000641542720726,+0000.9912651991321716
+0000.0073204062160789,+0000.0017729707084851,+0000.0000665675176533,+0000.9908400555577823
+0000.0077090216457791,+0000.0018397027559841,+0000.0000690919138866,+0000.9903821836843498
+0000.0081280380987494,+0000.0019093648412575,+0000.0000717302861475,+0000.9898908667738452
+0000.0085779976515224,+0000.0019820978736780,+0000.0000744869009091,+0000.9893654175738897
+0000.0090594145629766,+0000.0020580370717210,+0000.0000773689617207,+0000.9888051794035813
+0000.0095727751207369,+0000.0021373127978757,+0000.0000803849423957,+0000.9882095271389912
+0000.0101185374879530,+0000.0022200529754825,+0000.0000835413745173,+0000.9875778681620470
+0000.0106971314971522,+0000.0023063838011770,+0000.0000868414011657,+0000.9869096433005047
+0000.0113089584655235,+0000.0023964271521075,+0000.0000902866611205,+0000.9862043277212482
+0000.0119543911570490,+0000.0024902965287794,+0000.0000938806027464,+0000.9854614317114249
+0000.0126337739348978,+0000.0025880949965743,+0000.0000976297461743,+0000.9846805013223532
+0000.0133474230117550,+0000.0026899166133598,+0000.0001015414538887,+0000.9838611189209960
+0000.0140956266549006,+0000.0027958492173749,+0000.0001056204060508,+0000.9830029037216733
+0000.0148786452929443,+0000.0029059749553521,+0000.0001098674252194,+0000.9821055123264836
+0000.0156967116146389,+0000.0030203672064373,+0000.0001142819494210,+0000.9811686392295027
+0000.0165500308012104,+0000.0031390863343229,+0000.0001188656527145,+0000.9801920172117519
+0000.0174387809347813,+0000.0032621780491522,+0000.0001236234131907,+0000.9791754176028754
+0000.0183631134730445,+0000.0033896755768929,+0000.0001285604866618,+0000.9781186504634003
+0000.0193231536282561,+0000.0035216029019700,+0000.0001336786993961,+0000.9770215647703774
+0000.0203190005956769,+0000.0036579751600278,+0000.0001389756077823,+0000.9758840486365127
+0000.0213507277388069,+0000.0037987951555289,+0000.0001444475955454,+0000.9747060295101184
+0000.0224183828925099,+0000.0039440490561268,+0000.0001500937776546,+0000.9734874742737083
+0000.0235219888304021,+0000.0040937053297701,+0000.0001559166242167,+0000.9722283892156107
+0000.0246615437705626,+0000.0042477177744349,+0000.0001619185180119,+0000.9709288199369900
+0000.0258370217375824,+0000.0044060292771859,+0000.0001680976976834,+0000.9695888512875477
+0000.0270483727215993,+0000.0045685721120729,+0000.0001744478033684,+0000.9682086073629590
+0000.0282955227587798,+0000.0047352641217197,+0000.0001809616161069,+0000.9667882515033931
+0000.0295783741173068,+0000.0049060044655135,+0000.0001876352170949,+0000.9653279862000845
+0000.0308968056439059,+0000.0050806732462286,+0000.0001944682296852,+0000.9638280528801799
+0000.0322506731310438,+0000.0052591354720767,+0000.0002014597572347,+0000.9622887316396445
+0000.0336398095014923,+0000.0054412453584649,+0000.0002086041116875,+0000.9607103410283548
+0000.0350640247435348,+0000.0056268465511489,+0000.0002158907806484,+0000.9590932379246675
+0000.0365231057372820,+0000.0058157680230855,+0000.0002233088083192,+0000.9574378174313127
+0000.0380168161823873,+0000.0060078199528425,+0000.0002308511780122,+0000.9557445126867574
+0000.0395448966950883,+0000.0062027941007456,+0000.0002385146479850,+0000.9540137945561805
+0000.0411070649239767,+0000.0064004687168588,+0000.0002462950819869,+0000.9522461712771770
+0000.0427030154583699,+0000.0066006133671228,+0000.0002541829985195,+0000.9504421881759871
+0000.0443324194519187,+0000.0068029890736805,+0000.0002621639773195,+0000.9486024274970810
+0000.0459949241161677,+0000.0070073439509434,+0000.0002702236617895,+0000.9467275082710989
+0000.0476901523224749,+0000.0072134092464834,+0000.0002783523294996,+0000.9448180861015415
+0000.0494177023976164,+0000.0074209004644780,+0000.0002865443121566,+0000.9428748528257487
+0000.0511771479548890,+0000.0076295231692236,+0000.0002947927469330,+0000.9408985361289538
+0000.0529680375104359,+0000.0078389782695089,+0000.0003030849806082,+0000.9388898992394465
+0000.0547898937934648,+0000.0080489620373756,+0000.0003114034147416,+0000.9368497407544175
+0000.0566422129159590,+0000.0082591614771282,+0000.0003197310904303,+0000.9347788945164817
+0000.0585244636698768,+0000.0084692505142130,+0000.0003280564095625,+0000.9326782294063471
+0000.0604360870584266,+0000.0086788918003629,+0000.0003363721445217,+0000.9305486489966884
+0000.0623764958985265,+0000.0088877432998363,+0000.0003446696534584,+0000.9283910911481784
+0000.0643450742197648,+0000.0090954639213982,+0000.0003529341712204,+0000.9262065276876161
+0000.0663411763497249,+0000.0093017133496115,+0000.0003611460735060,+0000.9239959642271571
+0000.0683641258591617,+0000.0095061471135730,+0000.0003692869867744,+0000.9217604400404902
+0000.0704132146639371,+0000.0097084128663357,+0000.0003773446225457,+0000.9195010278471809
+0000.0724877024154384,+0000.0099081527490418,+0000.0003853113980962,+0000.9172188334374232
+0000.0745868160147397,+0000.0101050105933653,+0000.0003931781729315,+0000.9149149952189628
+0000.0767097489509788,+0000.0102986377557099,+0000.0004009294551797,+0000.9125906838381311
+0000.0788556603306495,+0000.0104886926773443,+0000.0004085450466042,+0000.9102471019454016
+0000.0810236737748371,+0000.0106748356014328,+0000.0004160066044604,+0000.9078854840192692
+0000.0832128765089281,+0000.0108567248527015,+0000.0004233025523411,+0000.9055070960860288
+0000.0854223188044836,+0000.0110340195934298,+0000.0004304263487266,+0000.9031132352533592
+0000.0876510136097652,+0000.0112063874367881,+0000.0004373698146786,+0000.9007052291387675
+0000.0898979360442226,+0000.0113735103183216,+0000.0004441182805043,+0000.8982844353569508
+0000.0921620225966146,+0000.0115350836972142,+0000.0004506525565237,+0000.8958522411496470
+0000.0944421702017425,+0000.0116908108652447,+0000.0004569558603365,+0000.8934100630726757
+0000.0967372355466124,+0000.0118403991183498,+0000.0004630187706648,+0000.8909593465643724
+0000.0990460347947683,+0000.0119835627105670,+0000.0004688371956952,+0000.8885015652989691
+0000.1013673435703527,+0000.0121200306536301,+0000.0004744053731096,+0000.8860382204029070
+0000.1036998968518840,+0000.0122495524598760,+0000.0004797109776071,+0000.8835708397106323
+0000.1060423885847819,+0000.0123718969094343,+0000.0004847373475252,+0000.8811009771582580
+0000.1083934711801289,+0000.0124868459055013,+0000.0004894706809287,+0000.8786302122334406
+0000.1107517552738295,+0000.0125941904288229,+0000.0004939050035105,+0000.8761601492938365
+0000.1131158099653188,+0000.0126937334893766,+0000.0004980399026966,+0000.8736924166426074
