+0000.0000000000000000,+0000.0000000000000000,+0000.0000000000000000,+0000.9999999999999998
+0000.0000010000581267,+0000.0000000000248446,+0000.0000000000001066,+0000.9999989999169219
+0000.0000039994356215,+0000.0000000003908113,+0000.0000000000060269,+0000.9999960001675402
+0000.0000089957761508,+0000.0000000019367944,+0000.0000000000558789,+0000.9999910022311758
+0000.0000159852247599,+0000.0000000060088389,+0000.0000000002365235,+0000.9999840085298777
+0000.0000249624407064,+0000.0000000145048798,+0000.0000000006361576,+0000.9999750224182558
+0000.0000359205497731,+0000.0000000299555825,+0000.0000000012854594,+0000.9999640482091848
+0000.0000488511086172,+0000.0000000554923103,+0000.0000000022027437,+0000.9999510911963286
+0000.0000637441572768,+0000.0000000946748749,+0000.0000000035382399,+0000.9999361576296083
+0000.0000805883435749,+0000.0000001513719323,+0000.0000000056359105,+0000.9999192546485823
+0000.0000993710155836,+0000.0000002298918912,+0000.0000000088642387,+0000.9999003902282863
+0000.0001200782025037,+0000.0000003352670663,+0000.0000000133472491,+0000.9998795731831809
+0000.0001426945276800,+0000.0000004733283650,+0000.0000000189333292,+0000.9998568132106256
+0000.0001672031891567,+0000.0000006503603675,+0000.0000000255467785,+0000.9998321209036970
+0000.0001935860922842,+0000.0000008726199595,+0000.0000000336024759,+0000.9998055076852801
+0000.0002218240639958,+0000.0000011462741796,+0000.0000000439666014,+0000.9997769856952229
+0000.0002518969808949,+0000.0000014779415180,+0000.0000000573607493,+0000.9997465677168379
+0000.0002837837196149,+0000.0000018753081518,+0000.0000000737779212,+0000.9997142671943122
+0000.0003174620246775,+0000.0000023470510910,+0000.0000000926272765,+0000.9996800982969547
+0000.0003529084939571,+0000.0000029019500748,+0000.0000001136279570,+0000.9996440759280107
+0000.0003900987814089,+0000.0000035480201462,+0000.0000001375759975,+0000.9996062156224470
+0000.0004290078977889,+0000.0000042926618816,+0000.0000001660506324,+0000.9995665333896970
+0000.0004696103761281,+0000.0000051438405599,+0000.0000002001632542,+0000.9995250456200575
+0000.0005118801918149,+0000.0000061111038100,+0000.0000002395888065,+0000.9994817691155683
+0000.0005557905783451,+0000.0000072051992451,+0000.0000002830437946,+0000.9994367211786149
+0000.0006013140044646,+0000.0000084364299032,+0000.0000003299421602,+0000.9993899196234717
+0000.0006484224342301,+0000.0000098133495297,+0000.0000003815719342,+0000.9993413826443056
+0000.0006970877079768,+0000.0000113432875706,+0000.0000004403876908,+0000.9992911286167614
+0000.0007472817451640,+0000.0000130343750776,+0000.0000005078953200,+0000.9992391759844380
+0000.0007989764336712,+0000.0000148970087783,+0000.0000005832538849,+0000.9991855433036653
+0000.0008521433858991,+0000.0000169430063326,+0000.0000006642473614,+0000.9991302493604065
+0000.0009067538929864,+0000.0000191830151551,+0000.0000007498998497,+0000.9990733131920086
+0000.0009627792272401,+0000.0000216247446909,+0000.0000008420949836,+0000.9990147539330855
+0000.0010201910950088,+0000.0000242740294942,+0000.0000009442951623,+0000.9989545905803346
+0000.0010789618756989,+0000.0000271378858614,+0000.0000010583785134,+0000.9988928418599262
+0000.0011390644796064,+0000.0000302264432477,+0000.0000011827903898,+0000.9988295262867555
+0000.0012004720368387,+0000.0000335514834789,+0000.0000013141660268,+0000.9987646623136553
+0000.0012631578133588,+0000.0000371227410790,+0000.0000014510743628,+0000.9986982683711992
+0000.0013270955393875,+0000.0000409456708264,+0000.0000015960898567,+0000.9986303626999291
+0000.0013922599244601,+0000.0000450232062774,+0000.0000017537857248,+0000.9985609630835374
+0000.0014586269309042,+0000.0000493600008875,+0000.0000019263698827,+0000.9984900866983251
+0000.0015261735999967,+0000.0000539648250453,+0000.0000021113876026,+0000.9984177501873551
+0000.0015948776669215,+0000.0000588483450458,+0000.0000023041423769,+0000.9983439698456557
+0000.0016647174234890,+0000.0000640181854201,+0000.0000025027051141,+0000.9982687616859766
+0000.0017356720555553,+0000.0000694762513190,+0000.0000027104269790,+0000.9981921412661463
+0000.0018077222099369,+0000.0000752213268736,+0000.0000029330670522,+0000.9981141233961369
+0000.0018808503008567,+0000.0000812546201031,+0000.0000031731083251,+0000.9980347219707146
+0000.0019550403053900,+0000.0000875826037513,+0000.0000034270324782,+0000.9979539500583804
+0000.0020302772990579,+0000.0000942139055029,+0000.0000036886697844,+0000.9978718201256545
+0000.0021065472510340,+0000.0001011530380660,+0000.0000039555746601,+0000.9977883441362395
+0000.0021838373538538,+0000.0001083973133716,+0000.0000042319505033,+0000.9977035333822707
+0000.0022621366321047,+0000.0001159404054071,+0000.0000045247917732,+0000.9976173981707147
+0000.0023414362812500,+0000.0001237792808037,+0000.0000048367980010,+0000.9975299476399450
+0000.0024217294350692,+0000.0001319174451667,+0000.0000051632571936,+0000.9974411898625701
+0000.0025030106186097,+0000.0001403608375851,+0000.0000054964329359,+0000.9973511321108692
+0000.0025852754633191,+0000.0001491101710618,+0000.0000058333695350,+0000.9972597809960839
+0000.0026685210134338,+0000.0001581574882703,+0000.0000061791864870,+0000.9971671423118087
+0000.0027527463672534,+0000.0001674907874642,+0000.0000065421404826,+0000.9970732207047993
+0000.0028379530492714,+0000.0001771023816962,+0000.0000069250935310,+0000.9969780194755011
+0000.0029241447546027,+0000.0001869925002957,+0000.0000073220523376,+0000.9968815406927635
+0000.0030113267186238,+0000.0001971641076448,+0000.0000077236724759,+0000.9967837855012552
+0000.0030995053418247,+0000.0002076138336673,+0000.0000081265180426,+0000.9966847543064650
+0000.0031886884589552,+0000.0002183282283122,+0000.0000085366750415,+0000.9965844466376906
+0000.0032788860052684,+0000.0002292895176334,+0000.0000089636695264,+0000.9964828608075715
+0000.0033701104247922,+0000.0002404853955797,+0000.0000094104839402,+0000.9963799936956877
+0000.0034623763993894,+0000.0002519129233605,+0000.0000098698053790,+0000.9962758408718707
+0000.0035557001374488,+0000.0002635722239765,+0000.0000103306936502,+0000.9961703969449240
+0000.0036500989010088,+0000.0002754560185761,+0000.0000107892828347,+0000.9960636557975803
+0000.0037455912260308,+0000.0002875456385736,+0000.0000112526599976,+0000.9959556104753979
+0000.0038421976079085,+0000.0002998179430474,+0000.0000117316106408,+0000.9958462528384031
+0000.0039399409509108,+0000.0003122565094206,+0000.0000122292138778,+0000.9957355733257907
+0000.0040388462923172,+0000.0003248557720983,+0000.0000127368524542,+0000.9956235610831302
+0000.0041389400156955,+0000.0003376135794113,+0000.0000132420547352,+0000.9955102043501578
+0000.0042402492759886,+0000.0003505193855033,+0000.0000137405901858,+0000.9953954907483222
+0000.0043428021617906,+0000.0003635500749408,+0000.0000142405626023,+0000.9952794072006662
+0000.0044466283965412,+0000.0003766780334498,+0000.0000147539921313,+0000.9951619395778774
+0000.0045517598364412,+0000.0003898836689721,+0000.0000152840536588,+0000.9950430724409275
+0000.0046582302027438,+0000.0004031597353365,+0000.0000158208957463,+0000.9949227891661732
+0000.0047660742284037,+0000.0004165027759931,+0000.0000163506273237,+0000.9948010723682793
+0000.0048753269799092,+0000.0004299000516032,+0000.0000168687270610,+0000.9946779042414263
+0000.0049860239550840,+0000.0004433252223413,+0000.0000173843087072,+0000.9945532665138671
+0000.0050982017985213,+0000.0004567475230834,+0000.0000179105888579,+0000.9944271400895373
+0000.0052118988571539,+0000.0004701455155260,+0000.0000184508627958,+0000.9942995047645239
+0000.0053271549363346,+0000.0004835115526939,+0000.0000189941683305,+0000.9941703393426408
+0000.0054440103914737,+0000.0004968421728815,+0000.0000195253475486,+0000.9940396220880958
+0000.0055625053483915,+0000.0005101238693282,+0000.0000200396624311,+0000.9939073311198492
+0000.0056826797327092,+0000.0005233286606105,+0000.0000205472035504,+0000.9937734444031296
+0000.0058045739997889,+0000.0005364242801809,+0000.0000210623331666,+0000.9936379393868630
+0000.0059282297588062,+0000.0005493890345703,+0000.0000215885177582,+0000.9935007926888650
+0000.0060536895700728,+0000.0005622163798631,+0000.0000221138565831,+0000.9933619801934807
+0000.0061809959957634,+0000.0005749043683265,+0000.0000226221086679,+0000.9932214775272419
+0000.0063101907232262,+0000.0005874403877194,+0000.0000231083846866,+0000.9930792605043676
+0000.0064413145240172,+0000.0005997966308858,+0000.0000235836886181,+0000.9929353051564787
+0000.0065744080000727,+0000.0006119411695671,+0000.0000240634652142,+0000.9927895873651460
+0000.0067095122880072,+0000.0006238537739945,+0000.0000245514278497,+0000.9926420825101482
+0000.0068466689162907,+0000.0006355305924673,+0000.0000250349511758,+0000.9924927655400662
+0000.0069859188310726,+0000.0006469727909142,+0000.0000254969150215,+0000.9923416114629914
+0000.0071273014288289,+0000.0006581704049382,+0000.0000259323261251,+0000.9921885958401074
+0000.0072708544447861,+0000.0006690976968838,+0000.0000263530045827,+0000.9920336948537473
+0000.0074166147176681,+0000.0006797249465480,+0000.0000267754018533,+0000.9918768849339303
+0000.0075646189860752,+0000.0006900350742953,+0000.0000272035758546,+0000.9917181423637746
+0000.0077149038245804,+0000.0007000284386943,+0000.0000276244232638,+0000.9915574433134614
+0000.0078675046615389,+0000.0007097108443926,+0000.0000280201565410,+0000.9913947643375272
+0000.0080224547289749,+0000.0007190766596491,+0000.0000283856989584,+0000.9912300829124172
+0000.0081797848809919,+0000.0007281040238040,+0000.0000287335527596,+0000.9910633775424441
+0000.0083395243793597,+0000.0007367671542837,+0000.0000290810873392,+0000.9908946273790170
+0000.0085017017931051,+0000.0007450536089928,+0000.0000294328204642,+0000.9907238117774375
+0000.0086663450319989,+0000.0007529692435309,+0000.0000297754397077,+0000.9905509102847623
+0000.0088334803734916,+0000.0007605257940384,+0000.0000300906976386,+0000.9903759031348311
+0000.0090031313383178,+0000.0007677234166281,+0000.0000303734198349,+0000.9901987718252191
+0000.0091753184396923,+0000.0007745456815284,+0000.0000306366184537,+0000.9900194992603253
+0000.0093500599911206,+0000.0007809721678225,+0000.0000308984788377,+0000.9898380693622189
+0000.0095273731187137,+0000.0007869962012592,+0000.0000311641064061,+0000.9896544665736208
+0000.0097072739089653,+0000.0007926300406308,+0000.0000314202596001,+0000.9894686757908033
+0000.0098897764614010,+0000.0007978922685500,+0000.0000316484225413,+0000.9892806828475075
+0000.0100748916981864,+0000.0008027899070148,+0000.0000318432681599,+0000.9890904751266386
+0000.0102626270443576,+0000.0008073131077936,+0000.0000320181080687,+0000.9888980417397798
+0000.0104529872576589,+0000.0008114477846532,+0000.0000321918285942,+0000.9887033731290934
+0000.0106459755604329,+0000.0008151936695210,+0000.0000323702575533,+0000.9885064605124925
+0000.0108415939164153,+0000.0008185698258326,+0000.0000325405042605,+0000.9883072957534914
+0000.0110398421240535,+0000.0008216021005227,+0000.0000326839495509,+0000.9881058718258726
+0000.0112407165677109,+0000.0008243049623702,+0000.0000327950143600,+0000.9879021834555588
+0000.0114442098280076,+0000.0008266757727175,+0000.0000328870630765,+0000.9876962273361982
+0000.0116503115309554,+0000.0008287071902556,+0000.0000329795560517,+0000.9874880017227368
+0000.0118590096032235,+0000.0008304054010520,+0000.0000330791797332,+0000.9872775058159911
+0000.0120702906894089,+0000.0008317960836186,+0000.0000331736640608,+0000.9870647395629116
+0000.0122841392989807,+0000.0008329121890255,+0000.0000332444173601,+0000.9868497040946338
+0000.0125005365053055,+0000.0008337756362563,+0000.0000332854639886,+0000.9866324023944494
+0000.0127194594833329,+0000.0008343910243405,+0000.0000333099423779,+0000.9864128395499485
+0000.0129408823725317,+0000.0008347575375746,+0000.0000333377498924,+0000.9861910223400013
+0000.0131647776553644,+0000.0008348872223608,+0000.0000333765644158,+0000.9859669585578591
+0000.0133911167229557,+0000.0008348115530310,+0000.0000334149871439,+0000.9857406567368692
+0000.0136198690860302,+0000.0008345698133630,+0000.0000334345449039,+0000.9855121265557026
+0000.0138510010260922,+0000.0008341907667311,+0000.0000334286779233,+0000.9852813795292534
+0000.0140844750557960,+0000.0008336856513693,+0000.0000334099942953,+0000.9850484292985389
+0000.0143202507868203,+0000.0008330593143437,+0000.0000333986843409,+0000.9848132912144950
+0000.0145582864272595,+0000.0008323284293421,+0000.0000334035427346,+0000.9845759816006634
+0000.0147985394996198,+0000.0008315288325410,+0000.0000334142664991,+0000.9843365174013401
+0000.0150409661232978,+0000.0008307047776707,+0000.0000334125499265,+0000.9840949165491046
+0000.0152855196203953,+0000.0008298906792463,+0000.0000333910240533,+0000.9838511986763051
+0000.0155321498917416,+0000.0008291032179622,+0000.0000333614451363,+0000.9836053854451599
+0000.0157808042776691,+0000.0008283514397036,+0000.0000333441494156,+0000.9833575001332115
+0000.0160314291656433,+0000.0008276548320602,+0000.0000333491633660,+0000.9831075668389303
+0000.0162839708606012,+0000.0008270516145697,+0000.0000333674736772,+0000.9828556100511516
+0000.0165383749436607,+0000.0008265891308153,+0000.0000333809500070,+0000.9826016549755171
+0000.0167945848330947,+0000.0008263057415598,+0000.0000333811601397,+0000.9823457282652057
+0000.0170525410670435,+0000.0008262218580759,+0000.0000333786802524,+0000.9820878583946280
+0000.0173121821417810,+0000.0008263487575377,+0000.0000333938474599,+0000.9818280752532211
+0000.0175734462170411,+0000.0008267064607696,+0000.0000334380230301,+0000.9815664092991592
+0000.0178362721347560,+0000.0008273331699408,+0000.0000335036441834,+0000.9813028910511196
+0000.0181005988561704,+0000.0008282770453497,+0000.0000335727269620,+0000.9810375513715176
+0000.0183663639769350,+0000.0008295783029673,+0000.0000336355040277,+0000.9807704222160699
+0000.0186335029057722,+0000.0008312589905160,+0000.0000337010482428,+0000.9805015370554688
+0000.0189019496620950,+0000.0008333302920590,+0000.0000337895601488,+0000.9802309304856971
+0000.0191716386628674,+0000.0008358101738314,+0000.0000339138262899,+0000.9799586373370109
+0000.0194425058825274,+0000.0008387341642046,+0000.0000340678624392,+0000.9796846920908284
+0000.0197144883684126,+0000.0008421487402859,+0000.0000342337722387,+0000.9794091291190625
+0000.0199875227080899,+0000.0008460936624986,+0000.0000344001768440,+0000.9791319834525676
+0000.0202615440919028,+0000.0008505903118109,+0000.0000345743400987,+0000.9788532912561876
+0000.0205364870498544,+0000.0008556472833196,+0000.0000347762019616,+0000.9785730894648641
+0000.0208122873007493,+0000.0008612777896005,+0000.0000350200527245,+0000.9782914148569253
+0000.0210888830435563,+0000.0008675119719125,+0000.0000353015841804,+0000.9780083034003506
+0000.0213662145497570,+0000.0008743920934514,+0000.0000356029084490,+0000.9777237904483422
+0000.0216442225802694,+0000.0008819551232367,+0000.0000359107689308,+0000.9774379115275632
+0000.0219228473198521,+0000.0008902194633164,+0000.0000362303448453,+0000.9771507028719860
+0000.0222020290316078,+0000.0008991886625178,+0000.0000365812105919,+0000.9768622010952822
+0000.0224817099472405,+0000.0009088685862434,+0000.0000369792278624,+0000.9765724422386535
+0000.0227618356783424,+0000.0009192814343042,+0000.0000374218354233,+0000.9762814610519299
+0000.0230423548835462,+0000.0009304629045969,+0000.0000378910655843,+0000.9759892911462722
+0000.0233232176330672,+0000.0009424450209380,+0000.0000383715429921,+0000.9756959658030023
+0000.0236043742032031,+0000.0009552410962326,+0000.0000388661285509,+0000.9754015185720133
+0000.0238857756266608,+0000.0009688474320809,+0000.0000393939499748,+0000.9751059829912834
+0000.0241673756017437,+0000.0009832602792208,+0000.0000399724986884,+0000.9748093916203472
+0000.0244491320110964,+0000.0009984917161467,+0000.0000406010101512,+0000.9745117752626055
+0000.0247310066619857,+0000.0010145689104158,+0000.0000412613514709,+0000.9742131630761273
+0000.0250129635977694,+0000.0010315171711806,+0000.0000419358274281,+0000.9739135834036219
+0000.0252949677420462,+0000.0010493430178864,+0000.0000426247990887,+0000.9736130644409784
+0000.0255769853239772,+0000.0010680337677917,+0000.0000433468937126,+0000.9733116340145181
+0000.0258589857840101,+0000.0010875743213178,+0000.0000441212828505,+0000.9730093186118214
+0000.0261409433879355,+0000.0011079650272123,+0000.0000449490330518,+0000.9727061425517999
+0000.0264228370397918,+0000.0011292231300182,+0000.0000458117758096,+0000.9724021280543802
+0000.0267046485416472,+0000.0011513660187557,+0000.0000466893480049,+0000.9720972960915919
+0000.0269863610796000,+0000.0011743923002243,+0000.0000475794894481,+0000.9717916671307274
+0000.0272679595045461,+0000.0011982792132738,+0000.0000485003022352,+0000.9714852609799446
+0000.0275494322135455,+0000.0012229992775360,+0000.0000494726813358,+0000.9711780958275826
+0000.0278307728479889,+0000.0012485402360679,+0000.0000504995493798,+0000.9708701873665629
+0000.0281119801805432,+0000.0012749087382001,+0000.0000515622580392,+0000.9705615488232173
+0000.0283930563277532,+0000.0013021137518438,+0000.0000526380922016,+0000.9702521918282011
+0000.0286740050731225,+0000.0013301455750861,+0000.0000537221140736,+0000.9699421272377176
+0000.0289548319866610,+0000.0013589710519855,+0000.0000548319044515,+0000.9696313650569016
+0000.0292355462626934,+0000.0013885501210450,+0000.0000559901178341,+0000.9693199134984273
+0000.0295161624931021,+0000.0014188578860955,+0000.0000572015538389,+0000.9690077780669630
+0000.0297967006322853,+0000.0014498905452946,+0000.0000584472758755,+0000.9686949615465443
+0000.0300771841707125,+0000.0014816489363189,+0000.0000597020044486,+0000.9683814648885198
+0000.0303576382941106,+0000.0015141154587440,+0000.0000609581343900,+0000.9680672881127551
+0000.0306380898285957,+0000.0015472470999188,+0000.0000622327547032,+0000.9677524303167820
+0000.0309185690184447,+0000.0015809919110407,+0000.0000635503070665,+0000.9674368887634477
+0000.0311991113677863,+0000.0016153132127640,+0000.0000649174891168,+0000.9671206579303325
+0000.0314797576909959,+0000.0016501977450207,+0000.0000663151105330,+0000.9668037294534499
+0000.0317605522588792,+0000.0016856393221312,+0000.0000677153908450,+0000.9664860930281444
+0000.0320415407976494,+0000.0017216136803228,+0000.0000691081320919,+0000.9661677373899358
+0000.0323227702501547,+0000.0017580693527471,+0000.0000705099811884,+0000.9658486504159096
+0000.0326042904804149,+0000.0017949440863013,+0000.0000719471835553,+0000.9655288182497286
+0000.0328861561802515,+0000.0018321911415874,+0000.0000734283587071,+0000.9652082243194535
+0000.0331684270154144,+0000.0018697896057933,+0000.0000749341444456,+0000.9648868492343463
+0000.0334511657606892,+0000.0019077281484978,+0000.0000764343986131,+0000.9645646716921997
+0000.0337344361463424,+0000.0019459778523568,+0000.0000779164634051,+0000.9642416695378954
+0000.0340183024304335,+0000.0019844810025948,+0000.0000793966057147,+0000.9639178199612567
+0000.0343028310203827,+0000.0020231674372869,+0000.0000809028762076,+0000.9635930986661229
+0000.0345880924437822,+0000.0020619828534377,+0000.0000824458439259,+0000.9632674788588540
+0000.0348741616041682,+0000.0021009011976108,+0000.0000840061051644,+0000.9629409310930561
+0000.0351611159247613,+0000.0021399085325778,+0000.0000855513672406,+0000.9626134241754202
+0000.0354490330548345,+0000.0021789739533863,+0000.0000870666943009,+0000.9622849262974780
+0000.0357379902520817,+0000.0022180363779000,+0000.0000885680377593,+0000.9619554053322589
+0000.0360280659148522,+0000.0022570207979017,+0000.0000900852348240,+0000.9616248280524220
+0000.0363193416192664,+0000.0022958684558395,+0000.0000916308346808,+0000.9612931590902132
+0000.0366119025012561,+0000.0023345512062185,+0000.0000931855689897,+0000.9609603607235353
+0000.0369058354322120,+0000.0023730555276660,+0000.0000947152696925,+0000.9606263937704295
+0000.0372012266015082,+0000.0024113516699007,+0000.0000962029409553,+0000.9602912187876357
+0000.0374981607118578,+0000.0024493785476320,+0000.0000976642743274,+0000.9599547964661824
+0000.0377967224189109,+0000.0024870598304992,+0000.0000991308486646,+0000.9596170869019249
+0000.0380969984390924,+0000.0025243358101856,+0000.0001006172243983,+0000.9592780485263234
+0000.0383990780764916,+0000.0025611796104029,+0000.0001021044868896,+0000.9589376378262153
+0000.0387030514565103,+0000.0025975814076055,+0000.0001035569205301,+0000.9585958102153539
+0000.0390090070041311,+0000.0026335159955219,+0000.0001049557089504,+0000.9582525212913962
+0000.0393170304582078,+0000.0026689258945339,+0000.0001063163183042,+0000.9579077273289538
+0000.0396272062178973,+0000.0027037371864756,+0000.0001076719916617,+0000.9575613846039651
+0000.0399396195268402,+0000.0027378928507615,+0000.0001090393284560,+0000.9572134482939421
+0000.0402543571648182,+0000.0027713706926025,+0000.0001104000198914,+0000.9568638721226874
+0000.0405715057671804,+0000.0028041678674304,+0000.0001117171692911,+0000.9565126091960976
+0000.0408911492207458,+0000.0028362670872319,+0000.0001129703842554,+0000.9561596133077666
+0000.0412133675057471,+0000.0028676180615514,+0000.0001141749066802,+0000.9558048395260209
+0000.0415382379496847,+0000.0028981529496751,+0000.0001153655277541,+0000.9554482435728856
+0000.0418658374944106,+0000.0029278209087232,+0000.0001165609055943,+0000.9550897806912717
+0000.0421962435724251,+0000.0029566076085505,+0000.0001177436135206,+0000.9547294052055035
+0000.0425295325402301,+0000.0029845201886156,+0000.0001188759630901,+0000.9543670713080642
+0000.0428657770154199,+0000.0030115523633502,+0000.0001199362187589,+0000.9540027344024707
+0000.0432050445562358,+0000.0030376643091612,+0000.0001209393547280,+0000.9536363517798747
+0000.0435473988242182,+0000.0030627975731343,+0000.0001219215502972,+0000.9532678820523500
+0000.0438929019401632,+0000.0030869105467894,+0000.0001229035288024,+0000.9528972839842448
+0000.0442416155636017,+0000.0031099994416579,+0000.0001238690351313,+0000.9525245159596090
+0000.0445935994678256,+0000.0031320838415828,+0000.0001247799845753,+0000.9521495367060160
+0000.0449489088416444,+0000.0031531709915268,+0000.0001256135037875,+0000.9517723066630409
+0000.0453075928171631,+0000.0031732342380056,+0000.0001263842018845,+0000.9513927887429464
+0000.0456696955423041,+0000.0031922272015175,+0000.0001271294386458,+0000.9510109478175324
+0000.0460352586294077,+0000.0032101198677561,+0000.0001278719912011,+0000.9506267495116347
+0000.0464043224545535,+0000.0032269209096561,+0000.0001285970672379,+0000.9502401595685522
+0000.0467769248997572,+0000.0032426640312713,+0000.0001292665711576,+0000.9498511444978135
+0000.0471530986420837,+0000.0032573717451089,+0000.0001298566555434,+0000.9494596729572636
+0000.0475328695397173,+0000.0032710324618232,+0000.0001303814064424,+0000.9490657165920168
+0000.0479162576137973,+0000.0032836137045307,+0000.0001308791072826,+0000.9486692495743893
+0000.0483032795908851,+0000.0032950984954679,+0000.0001313745556560,+0000.9482702473579907
+0000.0486939504348358,+0000.0033055089272778,+0000.0001318547040548,+0000.9478686859338313
+0000.0490882822788834,+0000.0033148935253372,+0000.0001322818062870,+0000.9474645423894924
+0000.0494862817227843,+0000.0033232908321343,+0000.0001326311518080,+0000.9470577962932731
+0000.0498879480855624,+0000.0033307052266902,+0000.0001329160818377,+0000.9466484306059094
+0000.0502932742939272,+0000.0033371189341107,+0000.0001331754984869,+0000.9462364312734751
+0000.0507022495159287,+0000.0033425283801346,+0000.0001334361620226,+0000.9458217859419139
+0000.0511148609335029,+0000.0033469689356080,+0000.0001336870327038,+0000.9454044830981851
+0000.0515310928829829,+0000.0033505035507787,+0000.0001338910363416,+0000.9449845125298966
+0000.0519509241782777,+0000.0033531864711152,+0000.0001340226499698,+0000.9445618667006370
+0000.0523743262364159,+0000.0033550378487908,+0000.0001340941852835,+0000.9441365417295093
+0000.0528012638664464,+0000.0033560542813618,+0000.0001341448140093,+0000.9437085370381824
+0000.0532316979872966,+0000.0033562448094137,+0000.0001342031761193,+0000.9432778540271700
+0000.0536655876435710,+0000.0033556567820935,+0000.0001342604756066,+0000.9428444950987289
+0000.0541028893682684,+0000.0033543660381405,+0000.0001342805857040,+0000.9424084640078871
+0000.0545435545466542,+0000.0033524410757123,+0000.0001342371584057,+0000.9419697672192278
+0000.0549875274175125,+0000.0033499164984502,+0000.0001341411333802,+0000.9415284149506569
+0000.0554347457535791,+0000.0033468018041208,+0000.0001340315659317,+0000.9410844208763679
+0000.0558851436506251,+0000.0033431167111701,+0000.0001339388689337,+0000.9406378007692707
+0000.0563386537838546,+0000.0033389181183899,+0000.0001338566935112,+0000.9401885714042441
+0000.0567952070014866,+0000.0033342921220730,+0000.0001337500827928,+0000.9397367507936475
+0000.0572547297394194,+0000.0033293189529825,+0000.0001335917894057,+0000.9392823595181925
+0000.0577171418991673,+0000.0033240452793084,+0000.0001333909901338,+0000.9388254218313904
+0000.0581823574057612,+0000.0033184909600599,+0000.0001331862109624,+0000.9383659654232164
+0000.0586502870512693,+0000.0033126834042478,+0000.0001330095105158,+0000.9379040200339670
+0000.0591208409821041,+0000.0033066856225685,+0000.0001328571549801,+0000.9374396162403473
+0000.0595939285270238,+0000.0033005903770060,+0000.0001326955251599,+0000.9369727855708100
+0000.0600694556696550,+0000.0032944861816641,+0000.0001324963446183,+0000.9365035618040622
+0000.0605473227996402,+0000.0032884284652808,+0000.0001322666015090,+0000.9360319821335699
+0000.0610274251321361,+0000.0032824440058823,+0000.0001320438654839,+0000.9355580869964975
+0000.0615096555821756,+0000.0032765640503234,+0000.0001318616988915,+0000.9350819186686093
+0000.0619939074688536,+0000.0032708534788390,+0000.0001317191152780,+0000.9346035199370293
+0000.0624800745755991,+0000.0032654073819404,+0000.0001315839484945,+0000.9341229340939657
+0000.0629680486838849,+0000.0032603183988977,+0000.0001314267187317,+0000.9336402061984856
+0000.0634577171927501,+0000.0032556467249792,+0000.0001312517817803,+0000.9331553843004903
+0000.0639489633789939,+0000.0032514219531976,+0000.0001310953245913,+0000.9326685193432172
+0000.0644416692763873,+0000.0032476747111941,+0000.0001309922634355,+0000.9321796637489830
+0000.0649357185759219,+0000.0032444669788821,+0000.0001309444582880,+0000.9316888699869079
+0000.0654309969128049,+0000.0032418913771996,+0000.0001309212650315,+0000.9311961904449638
+0000.0659273894614448,+0000.0032400400897146,+0000.0001308917961337,+0000.9307016786527068
+0000.0664247784162890,+0000.0032389736852128,+0000.0001308573327663,+0000.9302053905657315
+0000.0669230430707265,+0000.0032387201096123,+0000.0001308522694473,+0000.9297073845502137
+0000.0674220626698657,+0000.0032393046299777,+0000.0001309127269657,+0000.9292077199731910
+0000.0679217194834956,+0000.0032407813600732,+0000.0001310434821274,+0000.9287064556743038
+0000.0684218993092851,+0000.0032432355262903,+0000.0001312154446549,+0000.9282036497197695
+0000.0689224891284344,+0000.0032467541853020,+0000.0001313961023803,+0000.9276993605838830
+0000.0694233744391233,+0000.0032513938221410,+0000.0001315832420173,+0000.9271936484967184
+0000.0699244391308084,+0000.0032571762600773,+0000.0001318090887904,+0000.9266865755203236
+0000.0704255682778885,+0000.0032641167365461,+0000.0001321108275535,+0000.9261782041580118
+0000.0709266513573824,+0000.0032722566999802,+0000.0001324961998078,+0000.9256685957428292
+0000.0714275829572188,+0000.0032816692903934,+0000.0001329376753495,+0000.9251578100770379
+0000.0719282604893319,+0000.0032924320303688,+0000.0001334009071706,+0000.9246459065731286
+0000.0724285813690202,+0000.0033045931535231,+0000.0001338798112772,+0000.9241329456661793
+0000.0729284426602317,+0000.0033181642315073,+0000.0001344041150240,+0000.9236189889932367
+0000.0734277437762999,+0000.0033331462424400,+0000.0001350119439617,+0000.9231040980372982
+0000.0739263898138749,+0000.0033495637039840,+0000.0001357140365813,+0000.9225883324455594
+0000.0744242924522764,+0000.0033674735700924,+0000.0001364844164363,+0000.9220717495611946
+0000.0749213677233627,+0000.0033869400357080,+0000.0001372867179846,+0000.9215544055229445
+0000.0754175330294062,+0000.0034079995507000,+0000.0001381106739339,+0000.9210363567459595
+0000.0759127065383181,+0000.0034306500008343,+0000.0001389832469733,+0000.9205176602138740
+0000.0764068097570803,+0000.0034548746641439,+0000.0001399434039571,+0000.9199983721748185
+0000.0768997709527170,+0000.0034806777392336,+0000.0001410049040837,+0000.9194785464039654
+0000.0773915262304927,+0000.0035080968168322,+0000.0001421433191805,+0000.9189582336334945
+0000.0778820173596983,+0000.0035371799014452,+0000.0001433201269862,+0000.9184374826118702
+0000.0783711886274918,+0000.0035679490725879,+0000.0001445206456373,+0000.9179163416542827
+0000.0788589859637982,+0000.0036003860989976,+0000.0001457688786780,+0000.9173948590585260
+0000.0793453593564518,+0000.0036344542111389,+0000.0001471045637075,+0000.9168730818687016
+0000.0798302663303922,+0000.0036701350699502,+0000.0001485445019759,+0000.9163510540976815
+0000.0803136731938744,+0000.0037074449230260,+0000.0001500658215872,+0000.9158288160615122
+0000.0807955529233001,+0000.0037464139111381,+0000.0001516277677882,+0000.9153064053977734
+0000.0812758818528898,+0000.0037870483515734,+0000.0001532111082206,+0000.9147838586873159
+0000.0817546385147996,+0000.0038293127113430,+0000.0001548367717998,+0000.9142612120020575
+0000.0822318058663474,+0000.0038731491531197,+0000.0001565452272964,+0000.9137384997532364
+0000.0827073748027131,+0000.0039185159682594,+0000.0001583563416499,+0000.9132157528873774
+0000.0831813455620430,+0000.0039654074743641,+0000.0001602488316336,+0000.9126929981319593
+0000.0836537256764094,+0000.0040138356421776,+0000.0001621797102709,+0000.9121702589711421
+0000.0841245265031952,+0000.0040637909954981,+0000.0001641251635248,+0000.9116475573377817
+0000.0845937617692944,+0000.0041152209179695,+0000.0001661030113239,+0000.9111249143014118
+0000.0850614495872478,+0000.0041680469544373,+0000.0001681544439743,+0000.9106023490143406
+0000.0855276159781500,+0000.0042222047033407,+0000.0001703024225455,+0000.9100798768959635
+0000.0859922964318114,+0000.0042776674568515,+0000.0001725273175408,+0000.9095575087937958
+0000.0864555339349834,+0000.0043344301556092,+0000.0001747839954631,+0000.9090352519139443
+0000.0869173753553861,+0000.0043924689255063,+0000.0001770441381488,+0000.9085131115809584
+0000.0873778696865260,+0000.0044517157427912,+0000.0001793225004899,+0000.9079910920701925
+0000.0878370698323013,+0000.0045120734918861,+0000.0001816610101105,+0000.9074691956657015
+0000.0882950361235743,+0000.0045734572773097,+0000.0001840857553952,+0000.9069474208437204
+0000.0887518380320148,+0000.0046358217511416,+0000.0001865788632935,+0000.9064257613535497
+0000.0892075522924558,+0000.0046991473806026,+0000.0001890932293900,+0000.9059042070975515
+0000.0896622591571869,+0000.0047633986736418,+0000.0001915962158803,+0000.9053827459532906
+0000.0901160403426220,+0000.0048284952767884,+0000.0001940996270200,+0000.9048613647535692
+0000.0905689805697585,+0000.0048943248037470,+0000.0001966461609843,+0000.9043400484655100
+0000.0910211710604155,+0000.0049607854865811,+0000.0001992650685847,+0000.9038187783844184
+0000.0914727114096758,+0000.0050278170801103,+0000.0002019403748894,+0000.9032975311353243
+0000.0919237078232102,+0000.0050953894112574,+0000.0002046232692553,+0000.9027762794962768
+0000.0923742692655303,+0000.0051634593818954,+0000.0002072770780062,+0000.9022549942745678
+0000.0928245051171914,+0000.0052319386220736,+0000.0002099108269933,+0000.9017336454337415
+0000.0932745264625699,+0000.0053007041105028,+0000.0002125680244995,+0000.9012122014024276
+0000.0937244495584502,+0000.0053696420405708,+0000.0002152811153165,+0000.9006906272856624
+0000.0941743978722673,+0000.0054386821389874,+0000.0002180362007720,+0000.9001688837879731
+0000.0946245004616959,+0000.0055077884568794,+0000.0002207831116909,+0000.8996469279697338
+0000.0950748880449408,+0000.0055769152787856,+0000.0002234815084359,+0000.8991247151678377
+0000.0955256903835305,+0000.0056459714990328,+0000.0002261378517490,+0000.8986022002656873
+0000.0959770373151927,+0000.0057148290558245,+0000.0002287964922146,+0000.8980793371367679
+0000.0964290621900575,+0000.0057833678410490,+0000.0002314930887880,+0000.8975560768801051
+0000.0968819040877895,+0000.0058515132230592,+0000.0002342160276014,+0000.8970323666615495
+0000.0973357063682970,+0000.0059192290377209,+0000.0002369142006663,+0000.8965081503933156
+0000.0977906126991367,+0000.0059864725757634,+0000.0002395440405244,+0000.8959833706845756
+0000.0982467641825871,+0000.0060531558908420,+0000.0002421096771983,+0000.8954579702493723
+0000.0987043001367356,+0000.0061191520636184,+0000.0002446563130046,+0000.8949318914866412
+0000.0991633614992819,+0000.0061843409371440,+0000.0002472228203419,+0000.8944050747432319
+0000.0996240932369504,+0000.0062486495923016,+0000.0002498000999510,+0000.8938774570707968
+0000.1000866431015392,+0000.0063120475027753,+0000.0002523365816094,+0000.8933489728140759
+0000.1005511576507600,+0000.0063745008172763,+0000.0002547859547838,+0000.8928195555771797
+0000.1010177791446225,+0000.0064359308436005,+0000.0002571502523095,+0000.8922891397594672
+0000.1014866460803409,+0000.0064962181480742,+0000.0002594754988567,+0000.8917576602727278
+0000.1019578965661751,+0000.0065552488522910,+0000.0002618037481848,+0000.8912250508333489
+0000.1024316709392291,+0000.0066129577760906,+0000.0002641286552415,+0000.8906912426294383
+0000.1029081107603232,+0000.0066693257327159,+0000.0002663987026713,+0000.8901561648042893
+0000.1033873548688768,+0000.0067243333668993,+0000.0002685653442224,+0000.8896197464200013
+0000.1038695360746163,+0000.0067779170884024,+0000.0002706287256970,+0000.8890819181112841
+0000.1043547814562162,+0000.0068299709968031,+0000.0002726356104426,+0000.8885426119365379
+0000.1048432157076059,+0000.0068803934321699,+0000.0002746311597067,+0000.8880017597005171
+0000.1053349639801894,+0000.0069291324751243,+0000.0002766120191974,+0000.8874592915254887
+0000.1058301511505322,+0000.0069761853771567,+0000.0002785272577709,+0000.8869151362145399
+0000.1063288979491147,+0000.0070215522578061,+0000.0002803265985677,+0000.8863692231945114
+0000.1068313174764856,+0000.0070651897838005,+0000.0002820084655780,+0000.8858214842741354
+0000.1073375152746471,+0000.0071070108898350,+0000.0002836202091853,+0000.8852718536263322
+0000.1078475926500767,+0000.0071469312372191,+0000.0002852099730854,+0000.8847202661396186
+0000.1083616497529283,+0000.0071849167443990,+0000.0002867776141156,+0000.8841666558885569
+0000.1088797851500843,+0000.0072209851708456,+0000.0002882733180780,+0000.8836109563609917
+0000.1094020920668410,+0000.0072551600156794,+0000.0002896455562655,+0000.8830531023612136
+0000.1099286547553336,+0000.0072874222535041,+0000.0002908911320805,+0000.8824930318590815
+0000.1104595483493713,+0000.0073177078002249,+0000.0002920577527230,+0000.8819306860976802
+0000.1109948421638323,+0000.0073459535010533,+0000.0002931963608114,+0000.8813660079743029
+0000.1115346030225691,+0000.0073721463579776,+0000.0002943102161604,+0000.8807989404032925
+0000.1120788951638882,+0000.0073963273127784,+0000.0002953511296152,+0000.8802294263937178
+0000.1126277766319039,+0000.0074185457234090,+0000.0002962667512525,+0000.8796574108934341
+0000.1131812955242812,+0000.0074388094752141,+0000.0002970522859811,+0000.8790828427145234
+0000.1137394896375673,+0000.0074570801177953,+0000.0002977554825498,+0000.8785056747620874
+0000.1143023897417352,+0000.0074733179786030,+0000.0002984298361439,+0000.8779258624435174
+0000.1148700231611035,+0000.0074875327558470,+0000.0002990821623904,+0000.8773433619206588
+0000.1154424140360088,+0000.0074997895755060,+0000.0002996663647817,+0000.8767581300237034
+0000.1160195798951447,+0000.0075101644491769,+0000.0003001296366772,+0000.8761701260190010
+0000.1166015278066503,+0000.0075186930794684,+0000.0003004655174712,+0000.8755793135964097
+0000.1171882538191777,+0000.0075253635710556,+0000.0003007213956992,+0000.8749856612140674
+0000.1177797462039518,+0000.0075301602490848,+0000.0003009530092755,+0000.8743891405376877
+0000.1183759892887285,+0000.0075331152967100,+0000.0003011708357252,+0000.8737897245788361
+0000.1189769640910473,+0000.0075343171903100,+0000.0003013312837775,+0000.8731873874348649
+0000.1195826450989721,+0000.0075338675623930,+0000.0003013813754193,+0000.8725821059632152
+0000.1201929963443432,+0000.0075318290127221,+0000.0003013128244858,+0000.8719738618184486
+0000.1208079706411363,+0000.0075282152752960,+0000.0003011721751828,+0000.8713626419083846
+0000.1214275127827266,+0000.0075230333129138,+0000.0003010170383537,+0000.8707484368660053
+0000.1220515636203520,+0000.0075163356965533,+0000.0003008616084486,+0000.8701312390746457
+0000.1226800610772077,+0000.0075082315510128,+0000.0003006651467510,+0000.8695110422250284
+0000.1233129371571925,+0000.0074988452572912,+0000.0003003747029056,+0000.8688878428826106
+0000.1239501139562734,+0000.0074882635674234,+0000.0002999799148287,+0000.8682616425614744
+0000.1245915026933048,+0000.0074765230902953,+0000.0002995259258642,+0000.8676324482905353
+0000.1252370068449190,+0000.0074636502352225,+0000.0002990717978690,+0000.8670002711219893
+0000.1258865264529629,+0000.0074497140548201,+0000.0002986354457091,+0000.8663651240465077
+0000.1265399595191483,+0000.0074348398576972,+0000.0002981792598632,+0000.8657270213632909
+0000.1271971992565608,+0000.0074191701862442,+0000.0002976504295431,+0000.8650859801276517
+0000.1278581300478371,+0000.0074028115135434,+0000.0002970361855107,+0000.8644420222531086
+0000.1285226262611254,+0000.0073858188963161,+0000.0002963796568378,+0000.8637951751857208
+0000.1291905552973830,+0000.0073682333511399,+0000.0002957408943628,+0000.8631454704571137
+0000.1298617821037125,+0000.0073501349116165,+0000.0002951414887415,+0000.8624929414959293
+0000.1305361709414034,+0000.0073316590842019,+0000.0002945471653031,+0000.8618376228090918
+0000.1312135828863614,+0000.0073129605286111,+0000.0002939052832071,+0000.8611795513018206
+0000.1318938717400789,+0000.0072941595911111,+0000.0002932002697839,+0000.8605187683990259
+0000.1325768826167529,+0000.0072753239630770,+0000.0002924725900771,+0000.8598553208300928
+0000.1332624548740602,+0000.0072565030935288,+0000.0002917827973762,+0000.8591892592350346
+0000.1339504268007657,+0000.0072377812435878,+0000.0002911560724459,+0000.8585206358832004
+0000.1346406377435083,+0000.0072192969741515,+0000.0002905616147528,+0000.8578495036675871
+0000.1353329258571654,+0000.0072012099376069,+0000.0002899469138693,+0000.8571759172913582
+0000.1360271239687287,+0000.0071836474739461,+0000.0002892931538094,+0000.8564999354035157
+0000.1367230579197425,+0000.0071666831098771,+0000.0002886374740225,+0000.8558216214963580
+0000.1374205493445279,+0000.0071503676396355,+0000.0002880404375979,+0000.8551410425782385
+0000.1381194204964220,+0000.0071347819933412,+0000.0002875306987883,+0000.8544582668114483
+0000.1388194967102813,+0000.0071200599498203,+0000.0002870810131405,+0000.8537733623267577
+0000.1395206043992404,+0000.0071063584199093,+0000.0002866389079949,+0000.8530863982728554
+0000.1402225668687618,+0000.0070938043020628,+0000.0002861818664060,+0000.8523974469627694
+0000.1409252023946025,+0000.0070824696599237,+0000.0002857430560538,+0000.8517065848894200
+0000.1416283268111582,+0000.0070723991394333,+0000.0002853825710624,+0000.8510138914783461
+0000.1423317584326569,+0000.0070636625005659,+0000.0002851324039029,+0000.8503194466628743
