+0000.0000000000000000,+0001.0000000000000000,+0000.0000000000000000
+0000.0001000090836977,+0000.9998999908537878,+0000.0000000000625146
+0000.0003999953273426,+0000.9996000036724764,+0000.0000000010001811
+0000.0008998357254078,+0000.9991001592116113,+0000.0000000050629809
+0000.0015993253247365,+0000.9984006586756732,+0000.0000000159995906
+0000.0024981773085985,+0000.9975017836359558,+0000.0000000390554455
+0000.0035960231143225,+0000.9964038959156490,+0000.0000000809700284
+0000.0048924125844537,+0000.9951074374421600,+0000.0000001499733862
+0000.0063868141513765,+0000.9936129300667478,+0000.0000002557818757
+0000.0080786150553253,+0000.9919209753515347,+0000.0000004095931401
+0000.0099671215956945,+0000.9900322543239871,+0000.0000006240803184
+0000.0120515594155450,+0000.9879475271989643,+0000.0000009133854907
+0000.0143310738191889,+0000.9856676330684493,+0000.0000012931123616
+0000.0168047301227253,+0000.9831934895590895,+0000.0000017803181854
+0000.0194715140373777,+0000.9805260924576861,+0000.0000023935049361
+0000.0223303320854841,+0000.9776665153047884,+0000.0000031526097273
+0000.0253800120489603,+0000.9746159089565556,+0000.0000040789944839
+0000.0286193034500589,+0000.9713755011150687,+0000.0000051954348722
+0000.0320468780642224,+0000.9679465958272846,+0000.0000065261084930
+0000.0356613304648246,+0000.9643305729528344,+0000.0000080965823407
+0000.0394611785995735,+0000.9605288876008893,+0000.0000099337995372
+0000.0434448643983357,+0000.9565430695363208,+0000.0000120660653435
+0000.0476107544121446,+0000.9523747225553985,+0000.0000145230324569
+0000.0519571404831164,+0000.9480255238312848,+0000.0000173356855989
+0000.0564822404450079,+0000.9434972232295904,+0000.0000205363254017
+0000.0611841988541306,+0000.9387916425942698,+0000.0000241585515995
+0000.0660610877503076,+0000.9339106750041597,+0000.0000282372455327
+0000.0711109074475756,+0000.9288562840004532,+0000.0000328085519711
+0000.0763315873543070,+0000.9236305027854270,+0000.0000379098602662
+0000.0817209868224028,+0000.9182354333927583,+0000.0000435797848390
+0000.0872768960252230,+0000.9126732458297646,+0000.0000498581450125
+0000.0929970368638800,+0000.9069461771919215,+0000.0000567859441983
+0000.0988790639015407,+0000.9010565307500146,+0000.0000644053484447
+0000.1049205653253333,+0000.8950066750103089,+0000.0000727596643579
+0000.1111190639354904,+0000.8887990427481059,+0000.0000818933164039
+0000.1174720181612790,+0000.8824361300151191,+0000.0000918518236019
+0000.1239768231033708,+0000.8759204951210091,+0000.0001026817756201
+0000.1306308116021378,+0000.8692547575895793,+0000.0001144308082829
+0000.1374312553315151,+0000.8624415970899844,+0000.0001271475785008
+0000.1443753659179337,+0000.8554837523434321,+0000.0001408817386342
+0000.1514602960838685,+0000.8483840200058291,+0000.0001556839103026
+0000.1586831408155644,+0000.8411452535267862,+0000.0001716056576494
+0000.1660409385544146,+0000.8337703619855106,+0000.0001886994600750
+0000.1735306724115520,+0000.8262623089039982,+0000.0002070186844502
+0000.1811492714051046,+0000.8186241110380743,+0000.0002266175568212
+0000.1888936117196453,+0000.8108588371467353,+0000.0002475511336195
+0000.1967605179873201,+0000.8029696067402912,+0000.0002698752723887
+0000.2047467645900757,+0000.7949595888078833,+0000.0002936466020410
+0000.2128490769825527,+0000.7868320005247900,+0000.0003189224926575
+0000.2210641330349823,+0000.7785901059401749,+0000.0003457610248431
+0000.2293885643956191,+0000.7702372146457286,+0000.0003742209586524
+0000.2378189578721578,+0000.7617766804257439,+0000.0004043617020983
+0000.2463518568314656,+0000.7532118998892774,+0000.0004362432792571
+0000.2549837626171961,+0000.7445463110848187,+0000.0004699262979851
+0000.2637111359846065,+0000.7357833920981331,+0000.0005054719172604
+0000.2725303985519857,+0000.7269266596338509,+0000.0005429418141635
+0000.2814379342681964,+0000.7179796675812911,+0000.0005823981505126
+0000.2904300908955939,+0000.7089460055652395,+0000.0006239035391667
+0000.2995031815078270,+0000.6998292974821602,+0000.0006675210100130
+0000.3086534860018447,+0000.6906332000225038,+0000.0007133139756515
+0000.3178772526234903,+0000.6813614011797160,+0000.0007613461967939
+0000.3271706995061020,+0000.6720176187465072,+0000.0008116817473909
+0000.3365300162214245,+0000.6626055987990728,+0000.0008643849795028
+0000.3459513653422670,+0000.6531291141698021,+0000.0009195204879308
+0000.3554308840161750,+0000.6435919629092033,+0000.0009771530746217
+0000.3649646855495933,+0000.6339979667375422,+0000.0010373477128645
+0000.3745488610017180,+0000.6243509694869894,+0000.0011001695112928
+0000.3841794807875720,+0000.6146548355347186,+0000.0011656836777096
+0000.3938525962894138,+0000.6049134482278358,+0000.0012339554827506
+0000.4035642414760437,+0000.5951307083005554,+0000.0013050502234012
+0000.4133104345292428,+0000.5853105322843728,+0000.0013790331863845
+0000.4230871794765907,+0000.5754568509119738,+0000.0014559696114356
+0000.4328904678301781,+0000.5655736075153436,+0000.0015359246544785
+0000.4427162802304053,+0000.5556647564188726,+0000.0016189633507223
+0000.4525605880942432,+0000.5457342613280639,+0000.0017051505776931
+0000.4624193552672308,+0000.5357860937145527,+0000.0017945510182166
+0000.4722885396786330,+0000.5258242311979968,+0000.0018872291233702
+0000.4821640949989840,+0000.5158526559255970,+0000.0019832490754190
+0000.4920419722993575,+0000.5058753529498899,+0000.0020826747507528
+0000.5019181217117066,+0000.4958963086054531,+0000.0021855696828404
+0000.5117884940896208,+0000.4859195088851606,+0000.0022919970252188
+0000.5216490426686921,+0000.4759489378167765,+0000.0024020195145316
+0000.5314957247259897,+0000.4659885758403754,+0000.0025156994336352
+0000.5413245032377885,+0000.4560423981874245,+0000.0026330985747873
+0000.5511313485350451,+0000.4461143732620187,+0000.0027542782029364
+0000.5609122399557274,+0000.4362084610251470,+0000.0028792990191258
+0000.5706631674935440,+0000.4263286113824248,+0000.0030082211240315
+0000.5803801334422728,+0000.4164787625760800,+0000.0031411039816472
+0000.5900591540349949,+0000.4066628395818694,+0000.0032780063831359
+0000.5996962610776347,+0000.3968847525115039,+0000.0034189864108611
+0000.6092875035761154,+0000.3871483950212685,+0000.0035641014026164
+0000.6188289493564393,+0000.3774576427274942,+0000.0037134079160670
+0000.6283166866770109,+0000.3678163516295673,+0000.0038669616934219
+0000.6377468258326150,+0000.3582283565410349,+0000.0040248176263503
+0000.6471155007493591,+0000.3486974695294819,+0000.0041870297211591
+0000.6564188705698422,+0000.3392274783659111,+0000.0043536510642469
+0000.6656531212280314,+0000.3298221449841187,+0000.0045247337878500
+0000.6748144670131599,+0000.3204852039507436,+0000.0047003290360967
+0000.6838991521219091,+0000.3112203609467074,+0000.0048804869313837
+0000.6929034521983879,+0000.3020312912605209,+0000.0050652565410911
+0000.7018236758611753,+0000.2929216382941736,+0000.0052546858446512
+0000.7106561662168521,+0000.2838950120821634,+0000.0054488217009846
+0000.7193973023593181,+0000.2749549878243623,+0000.0056477098163198
+0000.7280435008544119,+0000.2661051044331775,+0000.0058513947124107
+0000.7365912172091412,+0000.2573488630956928,+0000.0060599196951662
+0000.7450369473248757,+0000.2486897258514182,+0000.0062733268237063
+0000.7533772289340341,+0000.2401311141861069,+0000.0064916568798590
+0000.7616086430195893,+0000.2316764076422984,+0000.0067149493381125
+0000.7697278152167711,+0000.2233289424471949,+0000.0069432423360343
+0000.7777314171965244,+0000.2150920101583014,+0000.0071765726451745
+0000.7856161680300251,+0000.2069688563275118,+0000.0074149756424634
+0000.7933788355337957,+0000.1989626791840850,+0000.0076584852821192
+0000.8010162375947516,+0000.1910766283371724,+0000.0079071340680761
+0000.8085252434747512,+0000.1833138034983015,+0000.0081609530269476
+0000.8159027750940817,+0000.1756772532243801,+0000.0084199716815383
+0000.8231458082932809,+0000.1681699736818052,+0000.0086842180249139
+0000.8302513740728826,+0000.1607949074320735,+0000.0089537184950439
+0000.8372165598105410,+0000.1535549422394308,+0000.0092284979500282
+0000.8440385104549663,+0000.1464529099011151,+0000.0095085796439189
+0000.8507144296962912,+0000.1394915851005608,+0000.0097939852031485
+0000.8572415811123206,+0000.1326736842841019,+0000.0100847346035777
+0000.8636172892902303,+0000.1260018645615983,+0000.0103808461481717
+0000.8698389409231867,+0000.1194787226314983,+0000.0106823364453153
+0000.8759039858815414,+0000.1131067937306783,+0000.0109892203877806
+0000.8818099382580937,+0000.1068885506095535,+0000.0113015111323530
+0000.8875543773869670,+0000.1008264025329053,+0000.0116192200801281
+0000.8931349488357732,+0000.0949226943067373,+0000.0119423568574896
+0000.8985493653705777,+0000.0891797053316470,+0000.0122709292977756
+0000.9037954078933030,+0000.0835996486830536,+0000.0126049434236435
+0000.9088709263511837,+0000.0781846702186731,+0000.0129444034301433
+0000.9137738406178877,+0000.0729368477136083,+0000.0132893116685042
+0000.9185021413459451,+0000.0678581900234083,+0000.0136396686306470
+0000.9230538907901927,+0000.0629506362753778,+0000.0139954729344298
+0000.9274272236017763,+0000.0582160550885951,+0000.0143567213096289
+0000.9316203475924769,+0000.0536562438228532,+0000.0147234085846700
+0000.9356315444690737,+0000.0492729278568139,+0000.0150955276741127
+0000.9394591705373330,+0000.0450677598957724,+0000.0154730695668948
+0000.9431016573754027,+0000.0410423193092549,+0000.0158560233153427
+0000.9465575124763904,+0000.0371981114986513,+0000.0162443760249585
+0000.9498253198597255,+0000.0335365672952946,+0000.0166381128449801
+0000.9529037406511582,+0000.0300590423891123,+0000.0170372169597295
+0000.9557915136311687,+0000.0267668167880814,+0000.0174416695807502
+0000.9584874557514488,+0000.0236610943088150,+0000.0178514499397365
+0000.9609904626193937,+0000.0207430020983435,+0000.0182665352822631
+0000.9632995089502872,+0000.0180135901873949,+0000.0186869008623182
+0000.9654136489870297,+0000.0154738310753326,+0000.0191125199376381
+0000.9673320168872925,+0000.0131246193468493,+0000.0195433637658583
+0000.9690538270778550,+0000.0109667713206719,+0000.0199794016014733
+0000.9705783745760179,+0000.0090010247303690,+0000.0204206006936132
+0000.9719050352779929,+0000.0072280384373688,+0000.0208669262846387
+0000.9730332662140888,+0000.0056483921763530,+0000.0213183416095584
+0000.9739626057706238,+0000.0042625863331139,+0000.0217748078962628
+0000.9746926738784876,+0000.0030710417549242,+0000.0222362843665885
+0000.9752231721682423,+0000.0020740995935552,+0000.0227027282382027
+0000.9755538840917128,+0000.0012720211809732,+0000.0231740947273142
+0000.9756846750100339,+0000.0006649879377533,+0000.0236503370522130
+0000.9756154922480893,+0000.0002531013142810,+0000.0241314064376300
+0000.9753463651153389,+0000.0000363827647339,+0000.0246172521199274
+0000.9748774048930260,+0000.0000147737538610,+0000.0251078213531131
+0000.9742088047877594,+0000.0001881357965629,+0000.0256030594156779
+0000.9733408398515011,+0000.0005562505302431,+0000.0261029096182558
+0000.9722738668679844,+0000.0011188198199091,+0000.0266073133121067
+0000.9710083242056141,+0000.0018754658959681,+0000.0271162098984181
+0000.9695447316369090,+0000.0028257315246703,+0000.0276295368384209
+0000.9678836901245569,+0000.0039690802111200,+0000.0281472296643234
+0000.9660258815741845,+0000.0053048964347632,+0000.0286692219910527
+0000.9639720685539072,+0000.0068324859172833,+0000.0291954455288096
+0000.9617230939808317,+0000.0085510759227491,+0000.0297258300964196
+0000.9592798807745935,+0000.0104598155899162,+0000.0302603036354904
+0000.9566434314780765,+0000.0125577762965601,+0000.0307987922253637
+0000.9538148278454947,+0000.0148439520556485,+0000.0313412200988571
+0000.9507952303980010,+0000.0173172599432066,+0000.0318875096587926
+0000.9475858779469626,+0000.0199765405577310,+0000.0324375814953066
+0000.9441880870851640,+0000.0228205585109026,+0000.0329913544039337
+0000.9406032516461075,+0000.0258480029494301,+0000.0335487454044626
+0000.9368328421316285,+0000.0290574881078220,+0000.0341096697605496
+0000.9328784051080823,+0000.0324475538918241,+0000.0346740410000940
+0000.9287415625713629,+0000.0360166664922794,+0000.0352417709363580
+0000.9244240112809231,+0000.0397632190292416,+0000.0358127696898354
+0000.9199275220632486,+0000.0436855322259074,+0000.0363869457108444
+0000.9152539390848489,+0000.0477818551122947,+0000.0369642058028568
+0000.9104051790952498,+0000.0520503657582095,+0000.0375444551465409
+0000.9053832306402263,+0000.0564891720352597,+0000.0381275973245145
+0000.9001901532455381,+0000.0610963124076617,+0000.0387135343468003
+0000.8948280765716246,+0000.0658697567514027,+0000.0393021666769730
+0000.8892991995395467,+0000.0708074072014663,+0000.0398933932589869
+0000.8836057894284548,+0000.0759070990268621,+0000.0404871115446831
+0000.8777501809451286,+0000.0811666015329218,+0000.0410832175219500
+0000.8717347752658449,+0000.0865836189906117,+0000.0416816057435436
+0000.8655620390509233,+0000.0921557915925248,+0000.0422821693565521
+0000.8592345034325319,+0000.0978806964349849,+0000.0428848001324834
+0000.8527547629760265,+0000.1037558485259930,+0000.0434893884979808
+0000.8461254746152289,+0000.1097787018186250,+0000.0440958235661460
+0000.8393493565622110,+0000.1159466502693301,+0000.0447039931684592
+0000.8324291871919605,+0000.1222570289207555,+0000.0453137838872845
+0000.8253678039022970,+0000.1287071150087519,+0000.0459250810889514
+0000.8181681019497312,+0000.1352941290928735,+0000.0465377689573955
+0000.8108330332614724,+0000.1420152362101781,+0000.0471517305283497
+0000.8033656052242764,+0000.1488675470516501,+0000.0477668477240738
+0000.7957688794506244,+0000.1558481191607766,+0000.0483830013885992
+0000.7880459705225055,+0000.1629539581539983,+0000.0490000713234965
+0000.7802000447136601,+0000.1701820189622135,+0000.0496179363241268
+0000.7722343186905830,+0000.1775292070930327,+0000.0502364742163846
+0000.7641520581928065,+0000.1849923799132869,+0000.0508555618939069
+0000.7559565766931605,+0000.1925683479511026,+0000.0514750753557370
+0000.7476512340384786,+0000.2002538762170921,+0000.0520948897444295
+0000.7392394350711979,+0000.2080456855442205,+0000.0527148793845821
+0000.7307246282326233,+0000.2159404539455987,+0000.0533349178217784
+0000.7221103041483312,+0000.2239348179897413,+0000.0539548778619276
+0000.7133999941961908,+0000.2320253741928227,+0000.0545746316109865
+0000.7045972690577614,+0000.2402086804271885,+0000.0551940505150501
+0000.6957057372536610,+0000.2484812573455518,+0000.0558130054007872
+0000.6867290436632327,+0000.2568395898205455,+0000.0564313665162220
+0000.6776708680295186,+0000.2652801283986561,+0000.0570490035718255
+0000.6685349234498880,+0000.2737992907681926,+0000.0576657857819196
+0000.6593249548529129,+0000.2823934632407213,+0000.0582815819063659
+0000.6500447374623898,+0000.2910590022450820,+0000.0588962602925285
+0000.6406980752487655,+0000.2997922358337420,+0000.0595096889174927
+0000.6312887993689230,+0000.3085894652005522,+0000.0601217354305248
+0000.6218207665948372,+0000.3174469662094075,+0000.0607322671957553
+0000.6122978577316371,+0000.3263609909332942,+0000.0613411513350689
+0000.6027239760259131,+0000.3353277692028976,+0000.0619482547711895
+0000.5931030455649203,+0000.3443435101641487,+0000.0625534442709310
+0000.5834390096670331,+0000.3534044038443498,+0000.0631565864886172
+0000.5737358292645547,+0000.3625066227258150,+0000.0637575480096304
+0000.5639974812792524,+0000.3716463233266544,+0000.0643561953940932
+0000.5542279569912690,+0000.3808196477880778,+0000.0649523952206533
+0000.5444312604022818,+0000.3900227254673603,+0000.0655460141303580
+0000.5346114065934677,+0000.3992516745359290,+0000.0661369188706034
+0000.5247724200788247,+0000.4085026035820378,+0000.0667249763391376
+0000.5149183331547693,+0000.4177716132171267,+0000.0673100536281041
+0000.5050531842465650,+0000.4270547976853288,+0000.0678920180681062
+0000.4951810162521463,+0000.4363482464755787,+0000.0684707372722751
+0000.4853058748842235,+0000.4456480459354482,+0000.0690460791803284
+0000.4754318070112938,+0000.4549502808861108,+0000.0696179121025955
+0000.4655628589980649,+0000.4642510362379408,+0000.0701861047639944
+0000.4557030750462776,+0000.4735463986057722,+0000.0707505263479504
+0000.4458564955362631,+0000.4828324579235090,+0000.0713110465402282
+0000.4360271553702211,+0000.4921053090571115,+0000.0718675355726676
+0000.4262190823177680,+0000.5013610534154280,+0000.0724198642668041
+0000.4164362953643111,+0000.5105958005583340,+0000.0729679040773548
+0000.4066828030631739,+0000.5198056698012696,+0000.0735115271355566
+0000.3969626018920209,+0000.5289867918156412,+0000.0740506062923379
+0000.3872796746141396,+0000.5381353102245554,+0000.0745850151613049
+0000.3776379886454985,+0000.5472473831929727,+0000.0751146281615289
+0000.3680414944280965,+0000.5563191850117850,+0000.0756393205601187
+0000.3584941238102103,+0000.5653469076752347,+0000.0761589685145550
+0000.3489997884344149,+0000.5743267624508105,+0000.0766734491147747
+0000.3395623781338761,+0000.5832549814411309,+0000.0771826404249932
+0000.3301857593375244,+0000.5921278191372377,+0000.0776864215252380
+0000.3208737734849611,+0000.6009415539624534,+0000.0781846725525856
+0000.3116302354516371,+0000.6096924898062807,+0000.0786772747420823
+0000.3024589319848208,+0000.6183769575478487,+0000.0791641104673306
+0000.2933636201513193,+0000.6269913165679485,+0000.0796450632807325
+0000.2843480257971977,+0000.6355319562494391,+0000.0801200179533635
+0000.2754158420204915,+0000.6439952974650367,+0000.0805888605144719
+0000.2665707276572855,+0000.6523777940521344,+0000.0810514782905802
+0000.2578163057818484,+0000.6606759342739728,+0000.0815077599441788
+0000.2491561622215460,+0000.6688862422664609,+0000.0819575955119934
+0000.2405938440869895,+0000.6770052794702058,+0000.0824008764428049
+0000.2321328583180817,+0000.6850296460470904,+0000.0828374956348280
+0000.2237766702466251,+0000.6929559822807664,+0000.0832673474726088
+0000.2155287021758718,+0000.7007809699606931,+0000.0836903278634356
+0000.2073923319779405,+0000.7085013337487928,+0000.0841063342732668
+0000.1993708917093795,+0000.7161138425284980,+0000.0845152657621229
+0000.1914676662454277,+0000.7236153107356069,+0000.0849170230189655
+0000.1836858919339099,+0000.7310025996700537,+0000.0853115083960364
+0000.1760287552688387,+0000.7382726187885261,+0000.0856986259426354
+0000.1684993915844908,+0000.7454223269771788,+0000.0860782814383305
+0000.1611008837706786,+0000.7524487338037268,+0000.0864503824255947
+0000.1538362610093561,+0000.7593489007488022,+0000.0868148382418415
+0000.1467084975332790,+0000.7661199424158678,+0000.0871715600508533
+0000.1397205114074032,+0000.7727590277189974,+0000.0875204608735995
+0000.1328751633331637,+0000.7792633810484223,+0000.0878614556184140
+0000.1261752554762583,+0000.7856302834132056,+0000.0881944611105362
+0000.1196235303187251,+0000.7918570735602832,+0000.0885193961209918
+0000.1132226695352459,+0000.7979411490699397,+0000.0888361813948144
+0000.1069752928944628,+0000.8038799674269569,+0000.0891447396785804
+0000.1008839571858525,+0000.8096710470668795,+0000.0894449957472682
+0000.0949511551722678,+0000.8153119683973244,+0000.0897368764304079
+0000.0891793145688628,+0000.8208003747936088,+0000.0900203106375285
+0000.0835707970486134,+0000.8261339735685084,+0000.0902952293828782
+0000.0781278972751037,+0000.8313105369154672,+0000.0905615658094290
+0000.0728528419626616,+0000.8363279028252067,+0000.0908192552121317
+0000.0677477889643870,+0000.8411839759751902,+0000.0910682350604227
+0000.0628148263885696,+0000.8458767285914439,+0000.0913084450199865
+0000.0580559717435958,+0000.8504042012826639,+0000.0915398269737403
+0000.0534731711118015,+0000.8547645038461471,+0000.0917623250420514
+0000.0490682983528181,+0000.8589558160450099,+0000.0919758856021721
+0000.0448431543363619,+0000.8629763883567506,+0000.0921804573068877
+0000.0407994662050159,+0000.8668245426926242,+0000.0923759911023599
+0000.0369388866673591,+0000.8704986730874588,+0000.0925624402451820
+0000.0332629933215267,+0000.8739972463598619,+0000.0927397603186113
+0000.0297732880095956,+0000.8773188027424212,+0000.0929079092479831
+0000.0264711962031422,+0000.8804619564815398,+0000.0930668473153181
+0000.0233580664200370,+0000.8834253964068773,+0000.0932165371730858
+0000.0204351696728198,+0000.8862078864700453,+0000.0933569438571349
+0000.0177036989489515,+0000.8888082662522508,+0000.0934880347987976
+0000.0151647687229761,+0000.8912254514408821,+0000.0936097798361419
+0000.0128194145009380,+0000.8934584342746982,+0000.0937221512243637
+0000.0106685923972198,+0000.8955062839574267,+0000.0938251236453534
+0000.0087131787438991,+0000.8973681470397148,+0000.0939186742163861
+0000.0069539697328402,+0000.8990432477692076,+0000.0940027824979522
+0000.0053916810907070,+0000.9005308884085500,+0000.0940774305007431
+0000.0040269477869301,+0000.9018304495213159,+0000.0941426026917541
+0000.0028603237748098,+0000.9029413902256694,+0000.0941982859995207
+0000.0018922817658834,+0000.9038632484156157,+0000.0942444698185010
+0000.0011232130375786,+0000.9045956409498508,+0000.0942811460125707
+0000.0005534272742785,+0000.9051382638080772,+0000.0943083089176443
+0000.0001831524418677,+0000.9054908922146874,+0000.0943259553434450
+0000.0000125346957818,+0000.9056533807298501,+0000.0943340845743680
+0000.0000416383226082,+0000.9056256633078985,+0000.0943326983694932
+0000.0002704457152784,+0000.9054077533230055,+0000.0943218009617163
+0000.0006988573818332,+0000.9049997435621630,+0000.0943013990560040
+0000.0013266919877842,+0000.9044018061854467,+0000.0942715018267693
+0000.0021536864320250,+0000.9036141926535817,+0000.0942321209143932
+0000.0031794959562856,+0000.9026372336228562,+0000.0941832704208583
+0000.0044036942880827,+0000.9014713388074060,+0000.0941249669045111
+0000.0058257738170711,+0000.9001169968089513,+0000.0940572293739777
+0000.0074451458047754,+0000.8985747749140326,+0000.0939800792811920
+0000.0092611406275863,+0000.8968453188588333,+0000.0938935405135803
+0000.0112730080529154,+0000.8949293525617255,+0000.0937976393853592
+0000.0134799175484140,+0000.8928276778235623,+0000.0936924046280236
+0000.0158809586240995,+0000.8905411739959603,+0000.0935778673799403
+0000.0184751412073192,+0000.8880707976175726,+0000.0934540611751081
+0000.0212613960502656,+0000.8854175820186431,+0000.0933210219310914
+0000.0242385751700176,+0000.8825826368938875,+0000.0931787879360950
+0000.0274054523208731,+0000.8795671478439211,+0000.0930273998352058
+0000.0307607234986924,+0000.8763723758854776,+0000.0928669006158299
+0000.0343030074771948,+0000.8729996569305201,+0000.0926973355922853
+0000.0380308463759202,+0000.8694504012345012,+0000.0925187523895785
+0000.0419427062595560,+0000.8657260928140442,+0000.0923312009263998
+0000.0460369777684464,+0000.8618282888342725,+0000.0921347333972812
+0000.0503119767801671,+0000.8577586189658545,+0000.0919294042539784
+0000.0547659451015049,+0000.8535187847124257,+0000.0917152701860692
+0000.0593970511909920,+0000.8491105587082469,+0000.0914923901007613
+0000.0642033909114843,+0000.8445357839865923,+0000.0912608251019232
+0000.0691829883123815,+0000.8397963732192422,+0000.0910206384683764
+0000.0743337964414000,+0000.8348943079271914,+0000.0907718956314089
+0000.0796536981854593,+0000.8298316376629982,+0000.0905146641515426
+0000.0851405071401887,+0000.8246104791652227,+0000.0902490136945888
+0000.0907919685079582,+0000.8192330154850906,+0000.0899750160069512
+0000.0966057600239970,+0000.8137014950857882,+0000.0896927448902147
+0000.1025794929098871,+0000.8080182309150692,+0000.0894022761750437
+0000.1087107128546669,+0000.8021855994509602,+0000.0891036876943728
+0000.1149969010225498,+0000.7962060397215572,+0000.0887970592558932
+0000.1214354750871788,+0000.7900820522989135,+0000.0884824726139078
+0000.1280237902918370,+0000.7838161982676808,+0000.0881600114404823
+0000.1347591405353850,+0000.7774110981686646,+0000.0878297612959504
+0000.1416387594831083,+0000.7708694309180879,+0000.0874918095988037
+0000.1486598217024236,+0000.7641939327026509,+0000.0871462455949255
+0000.1558194438228050,+0000.7573873958509876,+0000.0867931603262074
+0000.1631146857192642,+0000.7504526676821462,+0000.0864326465985897
+0000.1705425517192610,+0000.7433926493312570,+0000.0860647989494823
+0000.1780999918323673,+0000.7362102945530264,+0000.0856897136146063
+0000.1857839030020489,+0000.7289086085036498,+0000.0853074884943013
+0000.1935911303792313,+0000.7214906465015273,+0000.0849182231192414
+0000.2015184686172111,+0000.7139595127671459,+0000.0845220186156432
+0000.2095626631871241,+0000.7063183591429579,+0000.0841189776699181
+0000.2177204117134940,+0000.6985703837936524,+0000.0837092044928536
+0000.2259883653295164,+0000.6907188298872174,+0000.0832928047832661
+0000.2343631300513985,+0000.6827669842574304,+0000.0828698856911713
+0000.2428412681709531,+0000.6747181760485302,+0000.0824405557805167
+0000.2514192996663099,+0000.6665757753422584,+0000.0820049249914318
+0000.2600937036299562,+0000.6583431917680040,+0000.0815631046020399
+0000.2688609197132741,+0000.6500238730968499,+0000.0811152071898762
+0000.2777173495875184,+0000.6416213038196108,+0000.0806613465928710
+0000.2866593584201522,+0000.6331390037099142,+0000.0802016378699338
+0000.2956832763661976,+0000.6245805263726010,+0000.0797361972612016
+0000.3047854000737711,+0000.6159494577783455,+0000.0792651421478834
+0000.3139619942037088,+0000.6072494147845204,+0000.0787885910117706
+0000.3232092929617168,+0000.5984840436438426,+0000.0783066633944408
+0000.3325235016434126,+0000.5896570185004660,+0000.0778194798561214
+0000.3419007981911193,+0000.5807720398746252,+0000.0773271619342555
+0000.3513373347616077,+0000.5718328331365745,+0000.0768298321018179
+0000.3608292393046235,+0000.5628431469700408,+0000.0763276137253358
+0000.3703726171512967,+0000.5538067518260426,+0000.0758206310226609
+0000.3799635526116159,+0000.5447274383678390,+0000.0753090090205450
+0000.3895981105805340,+0000.5356090159075031,+0000.0747928735119629
+0000.3992723381523346,+0000.5264553108344192,+0000.0742723510132465
+0000.4089822662416072,+0000.5172701650373327,+0000.0737475687210603
+0000.4187239112114765,+0000.5080574343193329,+0000.0732186544691908
+0000.4284932765074269,+0000.4988209868073938,+0000.0726857366851794
+0000.4382863542963352,+0000.4895647013568007,+0000.0721489443468642
+0000.4480991271102711,+0000.4802924659509549,+0000.0716084069387740
+0000.4579275694942267,+0000.4710081760973483,+0000.0710642544084252
+0000.4677676496568194,+0000.4617157332206055,+0000.0705166171225753
+0000.4776153311238048,+0000.4524190430528159,+0000.0699656258233793
+0000.4874665743935501,+0000.4431220140219463,+0000.0694114115845040
+0000.4973173385932365,+0000.4338285556395198,+0000.0688541057672438
+0000.5071635831362197,+0000.4245425768871843,+0000.0682938399765964
+0000.5170012693786500,+0000.4152679846039918,+0000.0677307460173584
+0000.5268263622758524,+0000.4060086818739155,+0000.0671649558502322
+0000.5366348320364808,+0000.3967685664155176,+0000.0665966015480019
+0000.5464226557751419,+0000.3875515289731146,+0000.0660258152517437
+0000.5561858191618154,+0000.3783614517110840,+0000.0654527291271008
+0000.5659203180676644,+0000.3692022066116423,+0000.0648774753206935
+0000.5756221602068115,+0000.3600776538765891,+0000.0643001859165994
+0000.5852873667732170,+0000.3509916403338228,+0000.0637209928929602
+0000.5949119740718027,+0000.3419479978494284,+0000.0631400280787691
+0000.6044920351433994,+0000.3329505417458241,+0000.0625574231107767
+0000.6140236213831174,+0000.3240030692263012,+0000.0619733093905817
+0000.6235028241505016,+0000.3151093578075581,+0000.0613878180419402
+0000.6329257563721196,+0000.3062731637596208,+0000.0608010798682597
+0000.6422885541348644,+0000.2974982205548287,+0000.0602132253103069
+0000.6515873782698486,+0000.2887882373259457,+0000.0596243844042058
+0000.6608184159260462,+0000.2801468973343059,+0000.0590346867396482
+0000.6699778821332986,+0000.2715778564483178,+0000.0584442614183838
+0000.6790620213535200,+0000.2630847416334437,+0000.0578532370130366
+0000.6880671090200587,+0000.2546711494537520,+0000.0572617415261894
+0000.6969894530643176,+0000.2463406445858910,+0000.0566699023497916
+0000.7058253954287463,+0000.2380967583463133,+0000.0560778462249404
+0000.7145713135661667,+0000.2299429872318528,+0000.0554856992019806
+0000.7232236219243113,+0000.2218827914747232,+0000.0548935866009656
+0000.7317787734152024,+0000.2139195936122478,+0000.0543016329725501
+0000.7402332608686190,+0000.2060567770721509,+0000.0537099620592302
+0000.7485836184695014,+0000.1982976847734884,+0000.0531186967570103
+0000.7568264231777786,+0000.1906456177447005,+0000.0525279590775211
+0000.7649582961311838,+0000.1831038337582608,+0000.0519378701105556
+0000.7729759040296381,+0000.1756755459833131,+0000.0513485499870488
+0000.7808759605008513,+0000.1683639216565751,+0000.0507601178425738
+0000.7886552274468097,+0000.1611720807719105,+0000.0501726917812797
+0000.7963105163704283,+0000.1541030947892438,+0000.0495863888403281
+0000.8038386896816598,+0000.1471599853634606,+0000.0490013249548800
+0000.8112366619827680,+0000.1403457230936694,+0000.0484176149235627
+0000.8185014013323972,+0000.1336632262931195,+0000.0478353723744835
+0000.8256299304871889,+0000.1271153597809923,+0000.0472547097318190
+0000.8326193281214374,+0000.1207049336956209,+0000.0466757381829417
+0000.8394667300234913,+0000.1144347023304034,+0000.0460985676461056
+0000.8461693302687652,+0000.1083073629924627,+0000.0455233067387723
+0000.8527243823688239,+0000.1023255548846972,+0000.0449500627464791
+0000.8591292003960582,+0000.0964918580115923,+0000.0443789415923497
+0000.8653811600835707,+0000.0908087921092318,+0000.0438100478071975
+0000.8714776998995392,+0000.0852788156001584,+0000.0432434845003028
+0000.8774163220960499,+0000.0799043245731525,+0000.0426793533307976
+0000.8831945937316316,+0000.0746876517886756,+0000.0421177544796933
+0000.8888101476671804,+0000.0696310657101950,+0000.0415587866226249
+0000.8942606835348479,+0000.0647367695619399,+0000.0410025469032124
+0000.8995439686797158,+0000.0600069004131636,+0000.0404491309071209
+0000.9046578390733112,+0000.0554435282898548,+0000.0398986326368343
+0000.9096002001993091,+0000.0510486553135831,+0000.0393511444871080
+0000.9143690279105388,+0000.0468242148683462,+0000.0388067572211151
+0000.9189623692570510,+0000.0427720707955895,+0000.0382655599473597
+0000.9233783432850824,+0000.0388940166176453,+0000.0377276400972725
+0000.9276151418064649,+0000.0351917747899961,+0000.0371930834035395
+0000.9316710301380585,+0000.0316669959827258,+0000.0366619738792160
+0000.9355443478110933,+0000.0283212583913686,+0000.0361343937975382
+0000.9392335092501533,+0000.0251560670773402,+0000.0356104236725066
+0000.9427370044211784,+0000.0221728533385716,+0000.0350901422402501
+0000.9460533994487169,+0000.0193729741101423,+0000.0345736264411410
+0000.9491813372018050,+0000.0167577113955363,+0000.0340609514026591
+0000.9521195378483489,+0000.0143282717285512,+0000.0335521904231001
+0000.9548667993778117,+0000.0120857856661854,+0000.0330474149560032
+0000.9574219980920392,+0000.0100313073125679,+0000.0325466945953929
+0000.9597840890637985,+0000.0081658138743677,+0000.0320500970618338
+0000.9619521065631322,+0000.0064902052476123,+0000.0315576881892557
+0000.9639251644512055,+0000.0050053036362141,+0000.0310695319125805
+0000.9657024565414014,+0000.0037118532024148,+0000.0305856902561841
+0000.9672832569277312,+0000.0026105197491227,+0000.0301062233231463
+0000.9686669202802713,+0000.0017018904344400,+0000.0296311892852891
+0000.9698528821075018,+0000.0009864735184036,+0000.0291606443740950
+0000.9708406589855409,+0000.0004646981420838,+0000.0286946428723754
+0000.9716298487541232,+0000.0001369141390922,+0000.0282332371067849
+0000.9722201306791908,+0000.0000033918796415,+0000.0277764774411681
+0000.9726112655821364,+0000.0000643221471486,+0000.0273244122707153
+0000.9728030959355954,+0000.0003198160474883,+0000.0268770880169165
+0000.9727955459257043,+0000.0007699049509032,+0000.0264345491233927
+0000.9725886214808818,+0000.0014145404666130,+0000.0259968380525054
+0000.9721824102670890,+0000.0022535944501105,+0000.0255639952828009
+0000.9715770816495303,+0000.0032868590431934,+0000.0251360593072763
+0000.9707728866208972,+0000.0045140467466226,+0000.0247130666324806
+0000.9697701576960763,+0000.0059347905254962,+0000.0242950517784277
+0000.9685693087735079,+0000.0075486439471966,+0000.0238820472792959
+0000.9671708349630699,+0000.0093550813519121,+0000.0234740836850183
+0000.9655753123807733,+0000.0113534980556137,+0000.0230711895636131
+0000.9637833979101189,+0000.0135432105855209,+0000.0226733915043604
+0000.9617958289304659,+0000.0159234569477389,+0000.0222807141217953
+0000.9596134230122700,+0000.0184933969272314,+0000.0218931800604988
+0000.9572370775795335,+0000.0212521124198026,+0000.0215108100006643
+0000.9546677695394843,+0000.0241986077959969,+0000.0211336226645190
+0000.9519065548796398,+0000.0273318102968605,+0000.0207616348235000
+0000.9489545682325162,+0000.0306505704612814,+0000.0203948613062027
+0000.9458130224080036,+0000.0341536625848109,+0000.0200333150071858
+0000.9424832078938243,+0000.0378397852096974,+0000.0196770068964785
+0000.9389664923239534,+0000.0417075616461456,+0000.0193259460299012
+0000.9352643199156673,+0000.0457555405241765,+0000.0189801395601563
+0000.9313782108749460,+0000.0499821963763743,+0000.0186395927486802
+0000.9273097607709254,+0000.0543859302508629,+0000.0183043089782120
+0000.9230606398793275,+0000.0589650703544816,+0000.0179742897661909
+0000.9186325924953795,+0000.0637178727257983,+0000.0176495347788223
+0000.9140274362162828,+0000.0686425219378192,+0000.0173300418458984
+0000.9092470611937225,+0000.0737371318298917,+0000.0170158069763861
+0000.9042934293566842,+0000.0789997462686413,+0000.0167068243746748
+0000.8991685736046323,+0000.0844283399377993,+0000.0164030864575687
+0000.8938745969719650,+0000.0900208191560532,+0000.0161045838719818
+0000.8884136717633644,+0000.0957750227233081,+0000.0158113055133278
+0000.8827880386610284,+0000.1016887227944190,+0000.0155232385445528
+0000.8770000058037202,+0000.1077596257803543,+0000.0152403684159258
+0000.8710519478383590,+0000.1139853732762304,+0000.0149626788854109
+0000.8649463049440563,+0000.1203635430162043,+0000.0146901520397396
+0000.8586855818297396,+0000.1268916498541373,+0000.0144227683161234
+0000.8522723467049237,+0000.1335671467704730,+0000.0141605065246035
+0000.8457092302246605,+0000.1403874259043435,+0000.0139033438709965
+0000.8389989244090537,+0000.1473498196104542,+0000.0136512559804923
+0000.8321441815372782,+0000.1544516015408823,+0000.0134042169218396
+0000.8251478130173284,+0000.1616899877505685,+0000.0131621992321034
+0000.8180126882311053,+0000.1690621378268723,+0000.0129251739420225
+0000.8107417333562976,+0000.1765651560417706,+0000.0126931106019319
+0000.8033379301644281,+0000.1841960925273390,+0000.0124659773082332
+0000.7958043147966966,+0000.1919519444728973,+0000.0122437407304065
+0000.7881439765169842,+0000.1998296573444660,+0000.0120263661385501
+0000.7803600564437706,+0000.2078261261247734,+0000.0118138174314563
+0000.7724557462601295,+0000.2159381965747102,+0000.0116060571651604
+0000.7644342869035716,+0000.2241626665144321,+0000.0114030465819966
+0000.7562989672354945,+0000.2324962871243669,+0000.0112047456401388
+0000.7480531226909596,+0000.2409357642654514,+0000.0110111130435891
+0000.7397001339095466,+0000.2494777598178423,+0000.0108221062726112
+0000.7312434253477575,+0000.2581188930376128,+0000.0106376816146296
+0000.7226864638732200,+0000.2668557419312671,+0000.0104577941955131
+0000.7140327573418668,+0000.2756848446468419,+0000.0102823980112917
+0000.7052858531580825,+0000.2846027008816607,+0000.0101114459602572
+0000.6964493368189530,+0000.2936057733056230,+0000.0099448898754241
+0000.6875268304426280,+0000.3026904889999689,+0000.0097826805574033
+0000.6785219912818951,+0000.3118532409105768,+0000.0096247678075282
+0000.6694385102234468,+0000.3210903893151017,+0000.0094711004614517
+0000.6602801102732156,+0000.3303982633038456,+0000.0093216264229391
+0000.6510505450288123,+0000.3397731622731805,+0000.0091762926980073
+0000.6417535971391461,+0000.3492113574314775,+0000.0090350454293764
+0000.6323930767526443,+0000.3587090933162062,+0000.0088978299311493
+0000.6229728199535538,+0000.3682625893226874,+0000.0087645907237589
+0000.6134966871885894,+0000.3778680412422243,+0000.0086352715691865
+0000.6039685616827076,+0000.3875216228109193,+0000.0085098155063733
+0000.5943923478462843,+0000.3972194872668894,+0000.0083881648868266
+0000.5847719696731487,+0000.4069577689163850,+0000.0082702614104665
+0000.5751113691311514,+0000.4167325847072491,+0000.0081560461615997
+0000.5654145045446940,+0000.4265400358102387,+0000.0080454596450676
+0000.5556853489715763,+0000.4363762092058573,+0000.0079384418225664
+0000.5459278885729107,+0000.4462371792780267,+0000.0078349321490627
+0000.5361461209782595,+0000.4561190094124140,+0000.0077348696093266
+0000.5263440536460721,+0000.4660177535993769,+0000.0076381927545510
+0000.5165257022199056,+0000.4759294580409997,+0000.0075448397390949
+0000.5066950888815200,+0000.4858501627612911,+0000.0074547483571890
+0000.4968562407013987,+0000.4957759032187675,+0000.0073678560798340
+0000.4870131879872652,+0000.5057027119211539,+0000.0072841000915810
+0000.4771699626311219,+0000.5156266200414503,+0000.0072034173274280
+0000.4673305964561049,+0000.5255436590342516,+0000.0071257445096439
+0000.4574991195630408,+0000.5354498622523221,+0000.0070510181846375
+0000.4476795586777914,+0000.5453412665624990,+0000.0069791747597096
+0000.4378759355005633,+0000.5552139139595993,+0000.0069101505398375
+0000.4280922650565167,+0000.5650638531791399,+0000.0068438817643438
+0000.4183325540498666,+0000.5748871413066698,+0000.0067803046434636
+0000.4086007992209357,+0000.5846798453841995,+0000.0067193553948648
+0000.3989009857078606,+0000.5944380440121428,+0000.0066609702799966
+0000.3892370854123939,+0000.6041578289472839,+0000.0066050856403225
+0000.3796130553721653,+0000.6138353066944059,+0000.0065516379334288
+0000.3700328361381214,+0000.6234666000929365,+0000.0065005637689422
+0000.3605003501594904,+0000.6330478498962634,+0000.0064517999442465
+0000.3510195001757271,+0000.6425752163442170,+0000.0064052834800562
+0000.3415941676170413,+0000.6520448807272453,+0000.0063609516557133
+0000.3322282110133535,+0000.6614530469423229,+0000.0063187420443236
+0000.3229254644127221,+0000.6707959430397126,+0000.0062785925475655
+0000.3136897358103672,+0000.6800698227593069,+0000.0062404414303258
+0000.3045248055876582,+0000.6892709670573283,+0000.0062042273550135
+0000.2954344249631351,+0000.6983956856212977,+0000.0061698894155671
+0000.2864223144550669,+0000.7074403183737213,+0000.0061373671712117
+0000.2774921623571245,+0000.7164012369630338,+0000.0061066006798418
+0000.2686476232266605,+0000.7252748462422511,+0000.0060775305310885
+0000.2598923163877775,+0000.7340575857331610,+0000.0060500978790616
+0000.2512298244480015,+0000.7427459310772943,+0000.0060242444747043
+0000.2426636918307145,+0000.7513363954715355,+0000.0059999126977501
+0000.2341974233228470,+0000.7598255310888107,+0000.0059770455883425
+0000.2258344826393201,+0000.7682099304824864,+0000.0059555868781937
+0000.2175782910037851,+0000.7764862279748742,+0000.0059354810213408
+0000.2094322257475416,+0000.7846511010279434,+0000.0059166732245150
+0000.2013996189260422,+0000.7927012715969801,+0000.0058991094769776
+0000.1934837559540123,+0000.8006335074660068,+0000.0058827365799811
+0000.1856878742600468,+0000.8084446235642662,+0000.0058675021756871
+0000.1780151619606106,+0000.8161314832637159,+0000.0058533547756737
+0000.1704687565544595,+0000.8236909996567038,+0000.0058402437888367
