+0000.0000000000000000,+0001.0000000000000000,+0000.0000000000000000
+0000.0001000090836977,+0000.9998999908537878,+0000.0000000000625146
+0000.0003999953273422,+0000.9996000036724764,+0000.0000000010001814
+0000.0008998357254040,+0000.9991001592116117,+0000.0000000050629841
+0000.0015993253247151,+0000.9984006586756762,+0000.0000000159996084
+0000.0024981773085171,+0000.9975017836359695,+0000.0000000390555133
+0000.0035960231140796,+0000.9964038959156892,+0000.0000000809702308
+0000.0048924125838414,+0000.9951074374422620,+0000.0000001499738965
+0000.0063868141500126,+0000.9936129300669745,+0000.0000002557830125
+0000.0080786150525616,+0000.9919209753519942,+0000.0000004095954441
+0000.0099671215904967,+0000.9900322543248510,+0000.0000006240846524
+0000.0120515594063417,+0000.9879475272004924,+0000.0000009133931658
+0000.0143310738036855,+0000.9856676330710221,+0000.0000012931252926
+0000.0168047300976794,+0000.9831934895632419,+0000.0000017803390786
+0000.0194715139983335,+0000.9805260924641541,+0000.0000023935375123
+0000.0223303320264605,+0000.9776665153145567,+0000.0000031526589823
+0000.0253800119620903,+0000.9746159089709193,+0000.0000040790669904
+0000.0286193033251786,+0000.9713755011356957,+0000.0000051955391256
+0000.0320468778884052,+0000.9679465958562921,+0000.0000065262553026
+0000.0356613302218538,+0000.9643305729928743,+0000.0000080967852718
+0000.0394611782693574,+0000.9605288876552392,+0000.0000099340754034
+0000.0434448639562579,+0000.9565430696089873,+0000.0000120664347547
+0000.0476107538283483,+0000.9523747226512280,+0000.0000145235204236
+0000.0519571397217137,+0000.9480255239560895,+0000.0000173363221966
+0000.0564822394632272,+0000.9434972233902759,+0000.0000205371464970
+0000.0611841976013755,+0000.9387916427989836,+0000.0000241595996407
+0000.0660610861671521,+0000.9339106752624408,+0000.0000282385704071
+0000.0711109054646690,+0000.9288562843233998,+0000.0000328102119310
+0000.0763315848912051,+0000.9236305031858681,+0000.0000379119229265
+0000.0817209837863080,+0000.9182354338854448,+0000.0000435823282473
+0000.0872768923096446,+0000.9126732464315600,+0000.0000498612587951
+0000.0929970323472002,+0000.9069461779220170,+0000.0000567897307827
+0000.0988790584454988,+0000.9010565316301393,+0000.0000644099243618
+0000.1049205587734163,+0000.8950066760649600,+0000.0000727651616239
+0000.1111190561112169,+0000.8887990440047978,+0000.0000818998839856
+0000.1174720088664250,+0000.8824361315046093,+0000.0000918596289658
+0000.1239768121160536,+0000.8759204968775798,+0000.0001026910063666
+0000.1306307986748416,+0000.8692547596512910,+0000.0001144416738675
+0000.1374312401890042,+0000.8624415994989520,+0000.0001271603120439
+0000.1443753482550617,+0000.8554837551461184,+0000.0001408965988203
+0000.1514602755633097,+0000.8483840232533211,+0000.0001557011833693
+0000.1586831170654212,+0000.8411452572751099,+0000.0001716256594687
+0000.1660409111657465,+0000.8337703662959266,+0000.0001887225383270
+0000.1735306409357984,+0000.8262623138433121,+0000.0002070452208896
+0000.1811492353514014,+0000.8186241166789604,+0000.0002266479696382
+0000.1888935705520529,+0000.8108588435680522,+0000.0002475858798949
+0000.1967604711219500,+0000.8029696140274056,+0000.0002699148506443
+0000.2047467113921237,+0000.7949595970529909,+0000.0002936915548855
+0000.2128490167632209,+0000.7868320098272521,+0000.0003189734095270
+0000.2210640650483139,+0000.7785901164068471,+0000.0003458185448391
+0000.2293884878352492,+0000.7702372263912763,+0000.0003742857734744
+0000.2378188718679483,+0000.7617766935729797,+0000.0004044345590721
+0000.2463517604460672,+0000.7532119145694736,+0000.0004363249844593
+0000.2549836548425022,+0000.7445463274380352,+0000.0004700177194627
+0000.2637110157381288,+0000.7357834102735267,+0000.0005055739883445
+0000.2725302646731484,+0000.7269266797899735,+0000.0005430555368781
+0000.2814377855145282,+0000.7179796898863956,+0000.0005825245990763
+0000.2904299259388480,+0000.7089460301975642,+0000.0006240438635877
+0000.2995029989300177,+0000.6998293246302071,+0000.0006676764397753
+0000.3086532842912120,+0000.6906332298852954,+0000.0007134858234926
+0000.3178770301703807,+0000.6813614339670472,+0000.0007615358625719
+0000.3271704545987744,+0000.6720176546791858,+0000.0008118907220397
+0000.3365297470418088,+0000.6626056381091163,+0000.0008646148490750
+0000.3459510699616245,+0000.6531291571006504,+0000.0009197729377250
+0000.3554305603907340,+0000.6435920097158713,+0000.0009774298933950
+0000.3649643315160842,+0000.6339980176867901,+0000.0010376507971259
+0000.3745484742728987,+0000.6243510248574242,+0000.0011005008696775
+0000.3841790589476373,+0000.6146548956169315,+0000.0011660454354314
+0000.3938521367894485,+0000.6049135133244217,+0000.0012343498861301
+0000.4035637416293718,+0000.5951307787261597,+0000.0013054796444684
+0000.4133098915067187,+0000.5853106083657289,+0000.0013795001275525
+0000.4230865903019217,+0000.5754569329878351,+0000.0014564767102433
+0000.4328898293751753,+0000.5655736959364246,+0000.0015364746884000
+0000.4427155892102211,+0000.5556648515477389,+0000.0016195592420402
+0000.4525598410625887,+0000.5457343635389796,+0000.0017057953984319
+0000.4624185486115832,+0000.5357862033932816,+0000.0017952479951354
+0000.4722876696154251,+0000.5258243487415661,+0000.0018879816430090
+0000.4821631575687991,+0000.5158527817420032,+0000.0019840606891979
+0000.4920409633621151,+0000.5058754874577663,+0000.0020835491801185
+0000.5019170369419008,+0000.4958964522336398,+0000.0021865108244595
+0000.5117873289714905,+0000.4859196620722984,+0000.0022930089562112
+0000.5216477924914878,+0000.4759491010107696,+0000.0024031064977427
+0000.5314943845792295,+0000.4659887494978284,+0000.0025168659229422
+0000.5413230680065568,+0000.4560425827730067,+0000.0026343492204367
+0000.5511298128953126,+0000.4461145692477805,+0000.0027556178569070
+0000.5609105983697510,+0000.4362086688897333,+0000.0028807327405158
+0000.5706614142052904,+0000.4263288316102473,+0000.0030097541844626
+0000.5803782624728915,+0000.4164789956564239,+0000.0031427418706847
+0000.5900571591783829,+0000.4066630860078998,+0000.0032797548137176
+0000.5996941358960557,+0000.3968850127792118,+0000.0034208513247326
+0000.6092852413959267,+0000.3871486696283060,+0000.0035660889757675
+0000.6188265432638379,+0000.3774579321719973,+0000.0037155245641650
+0000.6283141295139373,+0000.3678166564088260,+0000.0038692140772368
+0000.6377441101927438,+0000.3582286771500891,+0000.0040272126571675
+0000.6471126189741396,+0000.3486978064596861,+0000.0041895745661744
+0000.6564158147447421,+0000.3392278321033183,+0000.0043563531519397
+0000.6656498831788403,+0000.3298225160078308,+0000.0045276008133293
+0000.6748110383024177,+0000.3204855927311683,+0000.0047033689664143
+0000.6838955240455060,+0000.3112207679436833,+0000.0048837080108109
+0000.6928996157822865,+0000.3020317169213611,+0000.0050686672963526
+0000.7018196218582897,+0000.2929220830515990,+0000.0052582950901113
+0000.7106518851040534,+0000.2838954763521659,+0000.0054526385437808
+0000.7193927843346505,+0000.2749554720039116,+0000.0056517436614381
+0000.7280387358344580,+0000.2661056088978447,+0000.0058556552676975
+0000.7365861948265489,+0000.2573493881971803,+0000.0060644169762711
+0000.7450316569261042,+0000.2486902719149449,+0000.0062780711589508
+0000.7533716595772897,+0000.2401316815076856,+0000.0064966589150250
+0000.7616027834729180,+0000.2316769964859367,+0000.0067202200411453
+0000.7697216539564251,+0000.2233295530419196,+0000.0069487930016556
+0000.7777249424054948,+0000.2150926426951079,+0000.0071824148993975
+0000.7856093675968208,+0000.2069695109561730,+0000.0074211214470066
+0000.7933716970514385,+0000.1989633560098500,+0000.0076649469387119
+0000.8010087483600149,+0000.1910773274173352,+0000.0079139242226504
+0000.8085173904876530,+0000.1833145248386355,+0000.0081680846737119
+0000.8158945450575970,+0000.1756779967754784,+0000.0084274581669250
+0000.8231371876133468,+0000.1681707393352563,+0000.0086920730513970
+0000.8302423488586725,+0000.1607956950165072,+0000.0089619561248206
+0000.8372071158749482,+0000.1535557515164949,+0000.0092371326085574
+0000.8440286333154313,+0000.1464537405612567,+0000.0095176261233125
+0000.8507041045758895,+0000.1394924367587006,+0000.0098034586654101
+0000.8572307929411442,+0000.1326745564751751,+0000.0100946505836810
+0000.8636060227070418,+0000.1260027567359840,+0000.0103912205569746
+0000.8698271802774288,+0000.1194796341502676,+0000.0106931855723038
+0000.8758917152356012,+0000.1131077238607636,+0000.0110005609036354
+0000.8817971413899076,+0000.1068894985187564,+0000.0113133600913362
+0000.8875410377929480,+0000.1008273672847715,+0000.0116315949222810
+0000.8931210497340529,+0000.0949236748553091,+0000.0119552754106384
+0000.8985348897045988,+0000.0891807005160626,+0000.0122844097793390
+0000.9037803383357205,+0000.0836006572220444,+0000.0126190044422355
+0000.9088552453081297,+0000.0781856907049033,+0000.0129590639869676
+0000.9137575302335649,+0000.0729378786079023,+0000.0133045911585332
+0000.9184851835076095,+0000.0678592296488082,+0000.0136555868435827
+0000.9230362671334337,+0000.0629516828111303,+0000.0140120500554363
+0000.9274089155161984,+0000.0582171065639647,+0000.0143739779198374
+0000.9316013362277455,+0000.0536572981108078,+0000.0147413656614471
+0000.9356118107413171,+0000.0492739826675944,+0000.0151142065910889
+0000.9394386951358982,+0000.0450688127703569,+0000.0154924920937453
+0000.9430804207700394,+0000.0410433676126395,+0000.0158762116173215
+0000.9465354949247473,+0000.0371991524130808,+0000.0162653526621724
+0000.9498025014152712,+0000.0335375978133226,+0000.0166599007714066
+0000.9528801011714894,+0000.0300600593065423,+0000.0170598395219689
+0000.9557670327866690,+0000.0267678166968238,+0000.0174651505165076
+0000.9584621130343804,+0000.0236620735895886,+0000.0178758133760314
+0000.9609642373533427,+0000.0207439569132980,+0000.0182918057333599
+0000.9632723803000177,+0000.0180145164726077,+0000.0187131032273751
+0000.9653855959687394,+0000.0154747245331912,+0000.0191396794980695
+0000.9673030183792556,+0000.0131254754383374,+0000.0195715061824073
+0000.9690238618314485,+0000.0109675852575633,+0000.0200085529109885
+0000.9705474212271723,+0000.0090017914672991,+0000.0204507873055288
+0000.9718730723590152,+0000.0072287526638324,+0000.0208981749771525
+0000.9730002721658929,+0000.0056490483086044,+0000.0213506795255031
+0000.9739285589553636,+0000.0042631785059653,+0000.0218082625386716
+0000.9746575525925757,+0000.0030715638134792,+0000.0222708835939456
+0000.9751869546557688,+0000.0020745450848496,+0000.0227385002593820
+0000.9755165485582634,+0000.0012723833455397,+0000.0232110680961974
+0000.9756461996368916,+0000.0006652597011230,+0000.0236885406619859
+0000.9755758552068352,+0000.0002532752784054,+0000.0241708695147597
+0000.9753055445828402,+0000.0000364511993506,+0000.0246580042178096
+0000.9748353790668082,+0000.0000147285878004,+0000.0251498923453919
+0000.9741655519017666,+0000.0001879686089992,+0000.0256464794892345
+0000.9732963381922327,+0000.0005559525418996,+0000.0261477092658680
+0000.9722280947910180,+0000.0011183818842157,+0000.0266535233247666
+0000.9709612601524920,+0000.0018748784901879,+0000.0271638613573207
+0000.9694963541524024,+0000.0028249847409871,+0000.0276786611066107
+0000.9678339778742966,+0000.0039681637477010,+0000.0281978583780026
+0000.9659748133626418,+0000.0053037995868082,+0000.0287213870505504
+0000.9639196233427521,+0000.0068311975680432,+0000.0292491790892052
+0000.9616692509076165,+0000.0085495845345541,+0000.0297811645578296
+0000.9592246191718008,+0000.0104581091951920,+0000.0303172716330076
+0000.9565867308924955,+0000.0125558424888490,+0000.0308574266186560
+0000.9537566680579439,+0000.0148417779806370,+0000.0314015539614190
+0000.9507355914433571,+0000.0173148322897873,+0000.0319495762668558
+0000.9475247401345276,+0000.0199738455490677,+0000.0325014143164049
+0000.9441254310193368,+0000.0228175818955379,+0000.0330569870851257
+0000.9405390582473543,+0000.0258447299924374,+0000.0336162117602088
+0000.9367670926577620,+0000.0290539035819884,+0000.0341790037602498
+0000.9328110811758155,+0000.0324436420689014,+0000.0347452767552833
+0000.9286726461781557,+0000.0360124111342867,+0000.0353149426875577
+0000.9243534848270858,+0000.0397586033798444,+0000.0358879117930702
+0000.9198553683743088,+0000.0436805390018731,+0000.0364640926238184
+0000.9151801414341874,+0000.0477764664950184,+0000.0370433920707945
+0000.9103297212269658,+0000.0520445633853415,+0000.0376257153876930
+0000.9053060967922131,+0000.0564829369924546,+0000.0382109662153328
+0000.9001113281728190,+0000.0610896252203992,+0000.0387990466067819
+0000.8947475455698843,+0000.0658625973769401,+0000.0393898570531759
+0000.8892169484688145,+0000.0707997550209593,+0000.0399832965102263
+0000.8835218047370783,+0000.0758989328375280,+0000.0405792624253941
+0000.8776644496938284,+0000.0811578995404261,+0000.0411776507657459
+0000.8716472851519355,+0000.0865743588016139,+0000.0417783560464508
+0000.8654727784327694,+0000.0921459502072997,+0000.0423812713599313
+0000.8591434613540672,+0000.0978702502402847,+0000.0429862884056484
+0000.8526619291914024,+0000.1037447732880881,+0000.0435932975205099
+0000.8460308396135966,+0000.1097669726765075,+0000.0442021877098962
+0000.8392529115926296,+0000.1159342417280927,+0000.0448128466792779
+0000.8323309242882914,+0000.1222439148452679,+0000.0454251608664411
+0000.8252677159083083,+0000.1286932686174216,+0000.0460390154742705
+0000.8180661825441095,+0000.1352795229517700,+0000.0466542945041207
+0000.8107292769829946,+0000.1419998422272831,+0000.0472708807897229
+0000.8032600074969829,+0000.1488513364713724,+0000.0478886560316451
+0000.7956614366089032,+0000.1558310625588191,+0000.0485075008322780
+0000.7879366798363399,+0000.1629360254323264,+0000.0491272947313340
+0000.7800889044137228,+0000.1701631793444218,+0000.0497479162418558
+0000.7721213279933551,+0000.1775094291199433,+0000.0503692428867017
+0000.7640372173256255,+0000.1849716314388503,+0000.0509911512355245
+0000.7558398869192311,+0000.1925465961385752,+0000.0516135169421940
+0000.7475326976817385,+0000.2002310875355833,+0000.0522362147826787
+0000.7391190555411552,+0000.2080218257654888,+0000.0528591186933564
+0000.7306024100490514,+0000.2159154881412043,+0000.0534821018097445
+0000.7219862529657626,+0000.2239087105286001,+0000.0541050365056375
+0000.7132741168284029,+0000.2319980887389737,+0000.0547277944326236
+0000.7044695735019446,+0000.2401801799380603,+0000.0553502465599953
+0000.6955762327144939,+0000.2484515040705122,+0000.0559722632149942
+0000.6865977405767312,+0000.2568085452998435,+0000.0565937141234256
+0000.6775377780866693,+0000.2652477534627498,+0000.0572144684505810
+0000.6684000596200046,+0000.2737655455375103,+0000.0578343948424854
+0000.6591883314067901,+0000.2823583071257683,+0000.0584533614674421
+0000.6499063699951537,+0000.2910223939469991,+0000.0590712360578473
+0000.6405579807024259,+0000.2997541333452838,+0000.0596878859522904
+0000.6311469960546781,+0000.3085498258074414,+0000.0603031781378806
+0000.6216772742149203,+0000.3174057464922500,+0000.0609169792928299
+0000.6121526974009408,+0000.3263181467698281,+0000.0615291558292313
+0000.6025771702932160,+0000.3352832557707266,+0000.0621395739360574
+0000.5929546184336631,+0000.3442972819440098,+0000.0627480996223273
+0000.5832889866158132,+0000.3533564146237371,+0000.0633545987604498
+0000.5735842372670865,+0000.3624568256031948,+0000.0639589371297187
+0000.5638443488239511,+0000.3715946707161187,+0000.0645609804599306
+0000.5540733141003467,+0000.3807660914245140,+0000.0651605944751395
+0000.5442751386504410,+0000.3899672164120699,+0000.0657576449374891
+0000.5344538391259558,+0000.3991941631828930,+0000.0663519976911514
+0000.5246134416291323,+0000.4084430396645552,+0000.0669435187063127
+0000.5147579800617467,+0000.4177099458150327,+0000.0675320741232207
+0000.5048914944708656,+0000.4269909752328701,+0000.0681175302962644
+0000.4950180293923367,+0000.4362822167696063,+0000.0686997538380574
+0000.4851416321921315,+0000.4455797561443282,+0000.0692786116635403
+0000.4752663514068245,+0000.4548796775591347,+0000.0698539710340410
+0000.4653962350833659,+0000.4641780653153107,+0000.0704256996013234
+0000.4555353291192909,+0000.4734710054291499,+0000.0709936654515593
+0000.4456876756036062,+0000.4827545872471399,+0000.0715577371492539
+0000.4358573111594312,+0000.4920249050595035,+0000.0721177837810654
+0000.4260482652887881,+0000.5012780597116805,+0000.0726736749995315
+0000.4162645587203235,+0000.5105101602130009,+0000.0732252810666756
+0000.4065102017607601,+0000.5197173253417764,+0000.0737724728974636
+0000.3967891926503824,+0000.5288956852464913,+0000.0743151221031265
+0000.3871055159238351,+0000.5380413830418780,+0000.0748531010342870
+0000.3774631407761983,+0000.5471505763998790,+0000.0753862828239228
+0000.3678660194356506,+0000.5562194391342484,+0000.0759145414301009
+0000.3583180855428845,+0000.5652441627786032,+0000.0764377516785121
+0000.3488232525382937,+0000.5742209581569533,+0000.0769557893047531
+0000.3393854120574539,+0000.5831460569461924,+0000.0774685309963537
+0000.3300084323354231,+0000.5920157132300297,+0000.0779758544345472
+0000.3206961566208532,+0000.6008262050434143,+0000.0784776383357326
+0000.3114524016001567,+0000.6095738359071885,+0000.0789737624926549
+0000.3022809558327277,+0000.6182549363520278,+0000.0794641078152445
+0000.2931855781976270,+0000.6268658654312306,+0000.0799485563711423
+0000.2841699963525296,+0000.6354030122216188,+0000.0804269914258517
+0000.2752379052053587,+0000.6438627973120967,+0000.0808992974825443
+0000.2663929653994838,+0000.6522416742790483,+0000.0813653603214679
+0000.2576388018129476,+0000.6605361311480907,+0000.0818250670389616
+0000.2489790020723060,+0000.6687426918416344,+0000.0822783060860595
+0000.2404171150819120,+0000.6768579176114264,+0000.0827249673066612
+0000.2319566495688386,+0000.6848784084558965,+0000.0831649419752648
+0000.2236010726445938,+0000.6928008045211665,+0000.0835981228342396
+0000.2153538083836337,+0000.7006217874857485,+0000.0840244041306177
+0000.2072182364197704,+0000.7083380819278142,+0000.0844436816524153
+0000.1991976905605553,+0000.7159464566750066,+0000.0848558527644382
+0000.1912954574208309,+0000.7234437261355953,+0000.0852608164435738
+0000.1835147750751727,+0000.7308267516112631,+0000.0856584733135643
+0000.1758588317307709,+0000.7380924425900081,+0000.0860487256792210
+0000.1683307644202668,+0000.7452377580196340,+0000.0864314775600991
+0000.1609336577159784,+0000.7522597075604369,+0000.0868066347235847
+0000.1536705424654731,+0000.7591553528171062,+0000.0871741047174207
+0000.1465443945491449,+0000.7659218085492425,+0000.0875337969016128
+0000.1395581336604945,+0000.7725562438597527,+0000.0878856224797526
+0000.1327146221092425,+0000.7790558833610558,+0000.0882294945297013
+0000.1260166636482964,+0000.7854180083180544,+0000.0885653280336489
+0000.1194670023243357,+0000.7916399577681312,+0000.0888930399075331
+0000.1130683213533368,+0000.7977191296168701,+0000.0892125490297933
+0000.1068232420206068,+0000.8036529817099249,+0000.0895237762694682
+0000.1007343226066598,+0000.8094390328797342,+0000.0898266445136058
+0000.0948040573385367,+0000.8150748639674701,+0000.0901210786939930
+0000.0890348753676699,+0000.8205581188191491,+0000.0904070058131810
+0000.0834291397744306,+0000.8258865052557681,+0000.0906843549698011
+0000.0779891465995402,+0000.8310577960172938,+0000.0909530573831661
+0000.0727171239033399,+0000.8360698296795238,+0000.0912130464171363
+0000.0676152308525725,+0000.8409205115441741,+0000.0914642576032532
+0000.0626855568357868,+0000.8456078145010932,+0000.0917066286631198
+0000.0579301206070190,+0000.8501297798629510,+0000.0919400995300297
+0000.0533508694587482,+0000.8544845181714202,+0000.0921646123698315
+0000.0489496784239405,+0000.8586702099750499,+0000.0923801116010096
+0000.0447283495078810,+0000.8626851065781130,+0000.0925865439140059
+0000.0406886109498615,+0000.8665275307604128,+0000.0927838582897256
+0000.0368321165151564,+0000.8701958774675710,+0000.0929720060172726
+0000.0331604448176275,+0000.8736886144715070,+0000.0931509407108652
+0000.0296750986729657,+0000.8770042830010847,+0000.0933206183259495
+0000.0263775044832337,+0000.8801414983422668,+0000.0934809971744996
+0000.0232690116525806,+0000.8830989504079358,+0000.0936320379394835
+0000.0203508920346712,+0000.8858754042768089,+0000.0937737036885199
+0000.0176243394117798,+0000.8884697007015337,+0000.0939059598866866
+0000.0150904690060586,+0000.8908807565854371,+0000.0940287744085041
+0000.0127503170228983,+0000.8931075654280431,+0000.0941421175490584
+0000.0106048402267811,+0000.8951491977389157,+0000.0942459620343033
+0000.0086549155496607,+0000.8970048014198566,+0000.0943402830304826
+0000.0069013397321036,+0000.8986736021151746,+0000.0944250581527219
+0000.0053448289973539,+0000.9001549035298966,+0000.0945002674727494
+0000.0039860187583348,+0000.9014480877159088,+0000.0945658935257564
+0000.0028254633578865,+0000.9025526153257095,+0000.0946219213164037
+0000.0018636358421811,+0000.9034680258338765,+0000.0946683383239424
+0000.0011009277675200,+0000.9041939377259851,+0000.0947051345064949
+0000.0005376490405243,+0000.9047300486550423,+0000.0947323023044334
+0000.0001740277918296,+0000.9050761355652488,+0000.0947498366429216
+0000.0000102102833015,+0000.9052320547831476,+0000.0947577349335507
+0000.0000462608488341,+0000.9051977420760369,+0000.0947559970751289
+0000.0002821618687431,+0000.9049732126776666,+0000.0947446254535903
+0000.0007178137777670,+0000.9045585612812161,+0000.0947236249410164
+0000.0013530351066700,+0000.9039539619995157,+0000.0946930028938141
+0000.0021875625574390,+0000.9031596682925729,+0000.0946527691499882
+0000.0032210511120244,+0000.9021760128623982,+0000.0946029360255774
+0000.0044530741746085,+0000.9010034075152039,+0000.0945435183101872
+0000.0058831237473021,+0000.8996423429910088,+0000.0944745332616888
+0000.0075106106392602,+0000.8980933887607183,+0000.0943960006000216
+0000.0093348647090283,+0000.8963571927908126,+0000.0943079425001590
+0000.0113551351401547,+0000.8944344812756524,+0000.0942103835841928
+0000.0135705907498447,+0000.8923260583375797,+0000.0941033509125755
+0000.0159803203305472,+0000.8900328056949435,+0000.0939868739745091
+0000.0185833330244150,+0000.8875556822981205,+0000.0938609846774644
+0000.0213785587303552,+0000.8848957239337570,+0000.0937257173358877
+0000.0243648485436567,+0000.8820540427973109,+0000.0935811086590322
+0000.0275409752278071,+0000.8790318270342105,+0000.0934271977379825
+0000.0309056337185735,+0000.8758303402496043,+0000.0932640260318221
+0000.0344574416598581,+0000.8724509209871387,+0000.0930916373530030
+0000.0381949399713745,+0000.8688949821767602,+0000.0929100778518652
+0000.0421165934476153,+0000.8651640105520129,+0000.0927193960003718
+0000.0462207913882393,+0000.8612595660367481,+0000.0925196425750124
+0000.0505058482592275,+0000.8571832811018536,+0000.0923108706389189
+0000.0549700043848005,+0000.8529368600920042,+0000.0920931355231955
+0000.0596114266697658,+0000.8485220785227996,+0000.0918664948074346
+0000.0644282093518666,+0000.8439407823486411,+0000.0916310082994925
+0000.0694183747840704,+0000.8391948872014734,+0000.0913867380144561
+0000.0745798742461081,+0000.8342863776010094,+0000.0911337481528825
+0000.0799105887854448,+0000.8292173061363008,+0000.0908721050782542
+0000.0854083300867053,+0000.8239897926195763,+0000.0906018772937186
+0000.0910708413698906,+0000.8186060232120466,+0000.0903231354180634
+0000.0968957983162941,+0000.8130682495227104,+0000.0900359521609954
+0000.1028808100224572,+0000.8073787876798678,+0000.0897404022976752
+0000.1090234199811845,+0000.8015400173762510,+0000.0894365626425642
+0000.1153211070894495,+0000.7955543808879733,+0000.0891245120225774
+0000.1217712866829892,+0000.7894243820674826,+0000.0888043312495281
+0000.1283713115966905,+0000.7831525853113760,+0000.0884761030919336
+0000.1351184732508497,+0000.7767416145030317,+0000.0881399122461188
+0000.1420100027622959,+0000.7701941519309980,+0000.0877958453067059
+0000.1490430720806231,+0000.7635129371829492,+0000.0874439907364274
+0000.1562147951482760,+0000.7567007660163763,+0000.0870844388353477
+0000.1635222290847390,+0000.7497604892058318,+0000.0867172817094291
+0000.1709623753937273,+0000.7426950113677382,+0000.0863426132385348
+0000.1785321811934839,+0000.7355072897627128,+0000.0859605290438033
+0000.1862285404691193,+0000.7282003330764130,+0000.0855711264544678
+0000.1940482953467063,+0000.7207772001791826,+0000.0851745044741112
+0000.2019882373889468,+0000.7132409988647085,+0000.0847707637463446
+0000.2100451089111306,+0000.7055948845688855,+0000.0843600065199837
+0000.2182156043176452,+0000.6978420590686952,+0000.0839423366136597
+0000.2264963714577949,+0000.6899857691622440,+0000.0835178593799614
+0000.2348840130010719,+0000.6820293053298904,+0000.0830866816690378
+0000.2433750878305146,+0000.6739760003777249,+0000.0826489117917607
+0000.2519661124543909,+0000.6658292280632343,+0000.0822046594823751
+0000.2606535624348985,+0000.6575924017043603,+0000.0817540358607412
+0000.2694338738340106,+0000.6492689727718935,+0000.0812971533940959
+0000.2783034446752129,+0000.6408624294663698,+0000.0808341258584172
+0000.2872586364208019,+0000.6323762952798170,+0000.0803650682993812
+0000.2962957754645289,+0000.6238141275425737,+0000.0798900969928975
+0000.3054111546381126,+0000.6151795159565780,+0000.0794093294053092
+0000.3146010347319245,+0000.6064760811148915,+0000.0789228841531842
+0000.3238616460284255,+0000.5977074730087673,+0000.0784308809628073
+0000.3331891898485232,+0000.5888773695221823,+0000.0779334406292945
+0000.3425798401093082,+0000.5799894749152523,+0000.0774306849754396
+0000.3520297448934007,+0000.5710475182963819,+0000.0769227368102176
+0000.3615350280287208,+0000.5620552520842430,+0000.0764097198870363
+0000.3710917906780680,+0000.5530164504602111,+0000.0758917588617212
+0000.3806961129382664,+0000.5439349078115129,+0000.0753689792502208
+0000.3903440554475677,+0000.5348144371663082,+0000.0748415073861244
+0000.4000316610014593,+0000.5256588686206265,+0000.0743094703779145
+0000.4097549561752724,+0000.5164720477586592,+0000.0737729960660682
+0000.4195099529538593,+0000.5072578340662142,+0000.0732322129799265
+0000.4292926503669002,+0000.4980200993386533,+0000.0726872502944467
+0000.4390990361298404,+0000.4887627260834046,+0000.0721382377867550
+0000.4489250882890063,+0000.4794896059183764,+0000.0715853057926175
+0000.4587667768711459,+0000.4702046379661065,+0000.0710285851627477
+0000.4686200655359565,+0000.4609117272449966,+0000.0704682072190472
+0000.4784809132311466,+0000.4516147830580890,+0000.0699043037107646
+0000.4883452758497026,+0000.4423177173797396,+0000.0693370067705580
+0000.4982091078879920,+0000.4330244432414501,+0000.0687664488705582
+0000.5080683641049647,+0000.4237388731166860,+0000.0681927627783493
+0000.5179190011805107,+0000.4144649173065013,+0000.0676160815129881
+0000.5277569793737250,+0000.4052064823252997,+0000.0670365383009753
+0000.5375782641791442,+0000.3959674692885574,+0000.0664542665322986
+0000.5473788279812365,+0000.3867517723023018,+0000.0658693997164618
+0000.5571546517055883,+0000.3775632768557906,+0000.0652820714386215
+0000.5669017264670502,+0000.3684058582172053,+0000.0646924153157446
+0000.5766160552133989,+0000.3592833798337127,+0000.0641005649528889
+0000.5862936543640723,+0000.3501996917363402,+0000.0635066538995878
+0000.5959305554436387,+0000.3411586289500366,+0000.0629108156063251
+0000.6055228067087335,+0000.3321640099100691,+0000.0623131833811977
+0000.6150664747684593,+0000.3232196348848593,+0000.0617138903466816
+0000.6245576461967965,+0000.3143292844065810,+0000.0611130693966227
+0000.6339924291373121,+0000.3054967177093248,+0000.0605108531533632
+0000.6433669548985512,+0000.2967256711763214,+0000.0599073739251276
+0000.6526773795403082,+0000.2880198567961170,+0000.0593027636635749
+0000.6619198854492714,+0000.2793829606290841,+0000.0586971539216448
+0000.6710906829043775,+0000.2708186412840178,+0000.0580906758116048
+0000.6801860116303224,+0000.2623305284062746,+0000.0574834599634032
+0000.6892021423389916,+0000.2539222211777020,+0000.0568756364833068
+0000.6981353782584834,+0000.2455972868287098,+0000.0562673349128071
+0000.7069820566483747,+0000.2373592591637310,+0000.0556586841878945
+0000.7157385503013904,+0000.2292116370999987,+0000.0550498125986108
+0000.7244012690300624,+0000.2211578832209329,+0000.0544408477490048
+0000.7329666611386410,+0000.2132014223439626,+0000.0538319165173966
+0000.7414312148788558,+0000.2053456401040691,+0000.0532231450170754
+0000.7497914598894743,+0000.1975938815531910,+0000.0526146585573349
+0000.7580439686186764,+0000.1899494497763505,+0000.0520065816049733
+0000.7661853577291659,+0000.1824156045246715,+0000.0513990377461629
+0000.7742122894848465,+0000.1749955608663614,+0000.0507921496487921
+0000.7821214731187895,+0000.1676924878559526,+0000.0501860390252583
+0000.7899096661821911,+0000.1605095072221184,+0000.0495808265956909
+0000.7975736758732006,+0000.1534496920750927,+0000.0489766320517067
+0000.8051103603455599,+0000.1465160656338403,+0000.0483735740206001
+0000.8125166299961450,+0000.1397115999737585,+0000.0477717700300966
+0000.8197894487313795,+0000.1330392147950516,+0000.0471713364735691
+0000.8269258352112898,+0000.1265017762128686,+0000.0465723885758417
+0000.8339228640714567,+0000.1201020955690614,+0000.0459750403594821
+0000.8407776671216685,+0000.1138429282666241,+0000.0453794046117079
+0000.8474874345214896,+0000.1077269726267012,+0000.0447855928518093
+0000.8540494159315064,+0000.1017568687693064,+0000.0441937152991876
+0000.8604609216403245,+0000.0959351975176880,+0000.0436038808419879
+0000.8667193236668421,+0000.0902644793268577,+0000.0430161970063004
+0000.8728220568368640,+0000.0847471732371050,+0000.0424307699260313
+0000.8787666198342663,+0000.0793856758523914,+0000.0418477043133425
+0000.8845505762256827,+0000.0741823203445308,+0000.0412671034297869
+0000.8901715554588674,+0000.0691393754830986,+0000.0406890690580344
+0000.8956272538337063,+0000.0642590446919809,+0000.0401137014743132
+0000.9009154354460730,+0000.0595434651324623,+0000.0395410994214648
+0000.9060339331037133,+0000.0549947068135742,+0000.0389713600827130
+0000.9109806492139754,+0000.0506147717299029,+0000.0384045790561220
+0000.9157535566430420,+0000.0464055930272491,+0000.0378408503297093
+0000.9203506995461235,+0000.0423690341965537,+0000.0372802662573232
+0000.9247701941686244,+0000.0385068882962030,+0000.0367229175351728
+0000.9290102296174731,+0000.0348208772033893,+0000.0361688931791379
+0000.9330690686028006,+0000.0313126508944500,+0000.0356182805027496
+0000.9369450481492165,+0000.0279837867548171,+0000.0350711650959668
+0000.9406365802768401,+0000.0248357889185205,+0000.0345276308046396
+0000.9441421526512765,+0000.0218700876379454,+0000.0339877597107784
+0000.9474603292028385,+0000.0190880386836323,+0000.0334516321135292
+0000.9505897507143295,+0000.0164909227747214,+0000.0329193265109493
+0000.9535291353772969,+0000.0140799450401520,+0000.0323909195825514
+0000.9562772793166483,+0000.0118562345107651,+0000.0318664861725869
+0000.9588330570831501,+0000.0098208436426846,+0000.0313460992741656
+0000.9611954221139327,+0000.0079747478719617,+0000.0308298300141056
+0000.9633634071604402,+0000.0063188452009344,+0000.0303177476386255
+0000.9653361246840411,+0000.0048539558161791,+0000.0298099194997798
+0000.9671127672187940,+0000.0035808217384565,+0000.0293064110427498
+0000.9686926077014910,+0000.0025001065046313,+0000.0288072857938779
+0000.9700749997686133,+0000.0016123948818206,+0000.0283126053495664
+0000.9712593780202958,+0000.0009181926137727,+0000.0278224293659317
+0000.9722452582510175,+0000.0004179261996729,+0000.0273368155493100
+0000.9730322376469919,+0000.0001119427054402,+0000.0268558196475683
+0000.9736199949502360,+0000.0000005096075588,+0000.0263794954422056
+0000.9740082905891188,+0000.0000838146695625,+0000.0259078947413191
+0000.9741969667754707,+0000.0003619658511904,+0000.0254410673733393
+0000.9741859475681082,+0000.0008349912502593,+0000.0249790611816330
+0000.9739752389028334,+0000.0015028390772884,+0000.0245219220198785
+0000.9735649285888170,+0000.0023653776628655,+0000.0240696937483177
+0000.9729551862714412,+0000.0034223954977890,+0000.0236224182307701
+0000.9721462633615654,+0000.0046736013059098,+0000.0231801353325251
+0000.9711384929312721,+0000.0061186241497251,+0000.0227428829190033
+0000.9699322895760978,+0000.0077570135686278,+0000.0223106968552750
+0000.9685281492438941,+0000.0095882397497186,+0000.0218836110063876
+0000.9669266490302706,+0000.0116116937312468,+0000.0214616572384833
+0000.9651284469407913,+0000.0138266876384274,+0000.0210448654207816
+0000.9631342816199837,+0000.0162324549517013,+0000.0206332634283149
+0000.9609449720473187,+0000.0188281508071508,+0000.0202268771455308
+0000.9585614172001928,+0000.0216128523291630,+0000.0198257304706443
+0000.9559845956841423,+0000.0245855589950033,+0000.0194298453208546
+0000.9532155653304214,+0000.0277451930312866,+0000.0190392416382923
+0000.9502554627610880,+0000.0310905998420819,+0000.0186539373968305
+0000.9471055029217622,+0000.0346205484686115,+0000.0182739486096264
+0000.9437669785822612,+0000.0383337320802469,+0000.0178992893374922
+0000.9402412598054434,+0000.0422287684965229,+0000.0175299716980340
+0000.9365297933841975,+0000.0463042007402599,+0000.0171660058755430
+0000.9326341022470738,+0000.0505584976212163,+0000.0168074001317104
+0000.9285557848326923,+0000.0549900543502703,+0000.0164541608170375
+0000.9242965144332074,+0000.0595971931837189,+0000.0161062923830739
+0000.9198580385070140,+0000.0643781640976433,+0000.0157637973953429
+0000.9152421779611219,+0000.0693311454918023,+0000.0154266765470762
+0000.9104508264034025,+0000.0744542449229827,+0000.0150949286736152
+0000.9054859493650760,+0000.0797454998673124,+0000.0147685507676119
+0000.9003495834935418,+0000.0852028785115594,+0000.0144475379948992
+0000.8950438357163124,+0000.0908242805725908,+0000.0141318837110972
+0000.8895708823759908,+0000.0966075381450696,+0000.0138215794789395
+0000.8839329683367613,+0000.1025504165769849,+0000.0135166150862542
+0000.8781324060628807,+0000.1086506153724265,+0000.0132169785646931
+0000.8721715746694330,+0000.1149057691214974,+0000.0129226562090697
+0000.8660529189458255,+0000.1213134484567392,+0000.0126336325974355
+0000.8597789483521286,+0000.1278711610361093,+0000.0123498906117625
+0000.8533522359893274,+0000.1345763525513592,+0000.0120714114593134
+0000.8467754175430695,+0000.1414264077623116,+0000.0117981746946190
+0000.8400511902020299,+0000.1484186515558637,+0000.0115301582421065
+0000.8331823115509608,+0000.1555503500296814,+0000.0112673384193580
+0000.8261715984390228,+0000.1628187116000535,+0000.0110096899609237
+0000.8190219258238852,+0000.1702208881333158,+0000.0107571860427993
+0000.8117362255918645,+0000.1777539761007106,+0000.0105097983074252
+0000.8043174853548387,+0000.1854150177558483,+0000.0102674968893131
+0000.7967687472244179,+0000.1932010023343962,+0000.0100302504411861
+0000.7890931065635688,+0000.2011088672757311,+0000.0097980261607003
+0000.7812937107165703,+0000.2091354994657428,+0000.0095707898176873
+0000.7733737577177334,+0000.2172777365003525,+0000.0093485057819143
+0000.7653364949790572,+0000.2255323679695596,+0000.0091311370513835
+0000.7571852179580908,+0000.2338961367608318,+0000.0089186452810777
+0000.7489232688056435,+0000.2423657403821026,+0000.0087109908122541
+0000.7405540349948903,+0000.2509378323029589,+0000.0085081327021510
+0000.7320809479313753,+0000.2596090233144375,+0000.0083100287541872
+0000.7235074815453209,+0000.2683758829060882,+0000.0081166355485915
+0000.7148371508666156,+0000.2772349406599389,+0000.0079279084734457
+0000.7060735105827353,+0000.2861826876610573,+0000.0077438017562075
+0000.6972201535804742,+0000.2952155779239988,+0000.0075642684955272
+0000.6882807094721441,+0000.3043300298343097,+0000.0073892606935461
+0000.6792588431066330,+0000.3135224276048545,+0000.0072187292885125
+0000.6701582530661550,+0000.3227891227460377,+0000.0070526241878076
+0000.6609826701489891,+0000.3321264355497865,+0000.0068908943012247
+0000.6517358558392627,+0000.3415306565860757,+0000.0067334875746616
+0000.6424216007639376,+0000.3509980482119709,+0000.0065803510240916
+0000.6330437231381101,+0000.3605248460920803,+0000.0064314307698099
+0000.6236060671990031,+0000.3701072607299795,+0000.0062866720710175
+0000.6141125016289778,+0000.3797414790104322,+0000.0061460193605902
+0000.6045669179688734,+0000.3894236657509490,+0000.0060094162801776
+0000.5949732290219831,+0000.3991499652625435,+0000.0058768057154733
+0000.5853353672493886,+0000.4089165029188491,+0000.0057481298317625
+0000.5756572831567446,+0000.4187193867336463,+0000.0056233301096093
+0000.5659429436744595,+0000.4285547089447687,+0000.0055023473807719
+0000.5561963305306264,+0000.4384185476050932,+0000.0053851218642804
+0000.5464214386180809,+0000.4483069681792642,+0000.0052715932026549
+0000.5366222743561786,+0000.4582160251455140,+0000.0051617004983077
+0000.5268028540476339,+0000.4681417636023860,+0000.0050553823499800
+0000.5169672022315723,+0000.4780802208790558,+0000.0049525768893720
+0000.5071193500330855,+0000.4880274281491049,+0000.0048532218178096
+0000.4972633335102623,+0000.4979794120466993,+0000.0047572544430385
+0000.4874031919989779,+0000.5079321962850373,+0000.0046646117159850
+0000.4775429664566387,+0000.5178818032757164,+0000.0045752302676450
+0000.4676866978050258,+0000.5278242557490092,+0000.0044890464459651
+0000.4578384252734370,+0000.5377555783738546,+0000.0044059963527087
+0000.4480021847425579,+0000.5476717993770734,+0000.0043260158803686
+0000.4381820070892053,+0000.5575689521618025,+0000.0042490407489921
+0000.4283819165339345,+0000.5674430769230608,+0000.0041750065430047
+0000.4186059289908030,+0000.5772902222612318,+0000.0041038487479652
+0000.4088580504210556,+0000.5871064467916751,+0000.0040355027872694
+0000.3991422751902182,+0000.5968878207510643,+0000.0039699040587174
+0000.3894625844307896,+0000.6066304275981989,+0000.0039069879710115
+0000.3798229444097839,+0000.6163303656100942,+0000.0038466899801219
+0000.3702273049028829,+0000.6259837494715818,+0000.0037889456255353
+0000.3606795975746865,+0000.6355867118590089,+0000.0037336905663048
+0000.3511837343672196,+0000.6451354050158155,+0000.0036808606169651
+0000.3417436058960423,+0000.6546260023207022,+0000.0036303917832556
+0000.3323630798551352,+0000.6640546998472214,+0000.0035822202976435
+0000.3230459994317126,+0000.6734177179136517,+0000.0035362826546356
+0000.3137961817303297,+0000.6827113026238452,+0000.0034925156458249
+0000.3046174162083845,+0000.6919317273968811,+0000.0034508563947345
+0000.2955134631225204,+0000.7010752944861012,+0000.0034112423913786
+0000.2864880519875957,+0000.7101383364858487,+0000.0033736115265555
+0000.2775448800475207,+0000.7191172178266663,+0000.0033379021258131
+0000.2686876107600122,+0000.7280083362568350,+0000.0033040529831527
+0000.2599198722948278,+0000.7368081243107760,+0000.0032720033943960
+0000.2512452560467509,+0000.7455130507630622,+0000.0032416931901870
+0000.2426673151636914,+0000.7541196220676094,+0000.0032130627686989
+0000.2341895630900248,+0000.7626243837820619,+0000.0031860531279135
+0000.2258154721269339,+0000.7710239219755085,+0000.0031606058975576
+0000.2175484720091427,+0000.7793148646202240,+0000.0031366633706332
+0000.2093919484994093,+0000.7874938829660124,+0000.0031141685345783
+0000.2013492420008323,+0000.7955576928972488,+0000.0030930651019187
+0000.1934236461880030,+0000.8035030562714210,+0000.0030732975405758
+0000.1856184066572104,+0000.8113267822391175,+0000.0030548111036724
+0000.1779367195965154,+0000.8190257285445525,+0000.0030375518589320
+0000.1703817304758984,+0000.8265968028065864,+0000.0030214667175149
