+0000.0000000000000000,+0000.0000000000000000,+0000.0000000000000000,+0000.9999999999999989
+0000.0000000025004585,+0000.0000000000000277,+0000.0000000000000001,+0000.9999999974995127
+0000.0000000399993585,+0000.0000000000017525,+0000.0000000000000158,+0000.9999999599988725
+0000.0000002024297368,+0000.0000000000196690,+0000.0000000000003516,+0000.9999997975502417
+0000.0000006394828848,+0000.0000000001088408,+0000.0000000000028905,+0000.9999993604053826
+0000.0000015603155327,+0000.0000000004099144,+0000.0000000000135763,+0000.9999984392609759
+0000.0000032331415206,+0000.0000000012130893,+0000.0000000000446014,+0000.9999967656007881
+0000.0000059847064257,+0000.0000000030425339,+0000.0000000001155013,+0000.9999940121355383
+0000.0000101996459452,+0000.0000000067580980,+0000.0000000002559014,+0000.9999897933400544
+0000.0000163197331670,+0000.0000000136685858,+0000.0000000005135542,+0000.9999836660846922
+0000.0000248430207038,+0000.0000000256566804,+0000.0000000009654731,+0000.9999751303571417
+0000.0000363228789727,+0000.0000000453242914,+0000.0000000017235543,+0000.9999636300731807
+0000.0000513669269921,+0000.0000000761649768,+0000.0000000029301695,+0000.9999485539778611
+0000.0000706358541419,+0000.0000001227544334,+0000.0000000047535188,+0000.9999292366379049
+0000.0000948421402063,+0000.0000001909385821,+0000.0000000073998926,+0000.9999049595213183
+0000.0001247486874102,+0000.0000002880110972,+0000.0000000111452223,+0000.9998749521562694
+0000.0001611673734452,+0000.0000004229010590,+0000.0000000163622865,+0000.9998383933632082
+0000.0002049575219077,+0000.0000006064022227,+0000.0000000235150783,+0000.9997944125607903
+0000.0002570242800066,+0000.0000008514453739,+0000.0000000331243523,+0000.9997420911502664
+0000.0003183169026515,+0000.0000011733694796,+0000.0000000457491198,+0000.9996804639787483
+0000.0003898269599624,+0000.0000015901415614,+0000.0000000620262273,+0000.9996085208722481
+0000.0004725864927433,+0000.0000021225311632,+0000.0000000827514956,+0000.9995252082245971
+0000.0005676661267030,+0000.0000027943110061,+0000.0000001089275800,+0000.9994294306347100
+0000.0006761731330045,+0000.0000036325498634,+0000.0000001417203052,+0000.9993200525968261
+0000.0007992494151068,+0000.0000046679719672,+0000.0000001823596477,+0000.9991959002532772
+0000.0009380694216046,+0000.0000059352684524,+0000.0000002320999875,+0000.9990557632099545
+0000.0010938380145909,+0000.0000074732706598,+0000.0000002923157613,+0000.9988983963989871
+0000.0012677883313260,+0000.0000093250332535,+0000.0000003646677195,+0000.9987225219677002
+0000.0014611796509885,+0000.0000115379895825,+0000.0000004511741284,+0000.9985268311852996
+0000.0016752952414535,+0000.0000141642896821,+0000.0000005540909314,+0000.9983099863779323
+0000.0019114401523902,+0000.0000172612349655,+0000.0000006757041266,+0000.9980706229085168
+0000.0021709389541848,+0000.0000208915812200,+0000.0000008182628178,+0000.9978073512017765
+0000.0024551334669903,+0000.0000251235714597,+0000.0000009841699679,+0000.9975187587915816
+0000.0027653805334731,+0000.0000300308274368,+0000.0000011762776105,+0000.9972034123614789
+0000.0031030498477797,+0000.0000356924010039,+0000.0000013979821386,+0000.9968598597690773
+0000.0034695217995904,+0000.0000421931473870,+0000.0000016529802857,+0000.9964866320727362
+0000.0038661852818779,+0000.0000496242310041,+0000.0000019449012186,+0000.9960822455858984
+0000.0042944354602269,+0000.0000580833707447,+0000.0000022772084742,+0000.9956452039605534
+0000.0047556715645910,+0000.0000676746325885,+0000.0000026535340265,+0000.9951740002687934
+0000.0052512947755370,+0000.0000785080272941,+0000.0000030781532404,+0000.9946671190439276
+0000.0057827062186185,+0000.0000906994072472,+0000.0000035561031621,+0000.9941230382709716
+0000.0063513050067877,+0000.0001043708805618,+0000.0000040927583566,+0000.9935402313542933
+0000.0069584862577169,+0000.0001196513979664,+0000.0000046932455235,+0000.9929171690987925
+0000.0076056390802130,+0000.0001366768986172,+0000.0000053623128769,+0000.9922523217082923
+0000.0082941446085077,+0000.0001555897666126,+0000.0000061048634890,+0000.9915441607613901
+0000.0090253741777351,+0000.0001765380405234,+0000.0000069266661496,+0000.9907911611155910
+0000.0098006876564881,+0000.0001996751212647,+0000.0000078344940247,+0000.9899918027282220
+0000.0106214318551866,+0000.0002251602537058,+0000.0000088354586665,+0000.9891445724324401
+0000.0114889389114486,+0000.0002531592240995,+0000.0000099361466707,+0000.9882479657177805
+0000.0124045246404952,+0000.0002838443793420,+0000.0000111424577414,+0000.9873004885224208
+0000.0133694869480652,+0000.0003173936642864,+0000.0000124603992022,+0000.9863006589884453
+0000.0143851044233866,+0000.0003539893651564,+0000.0000138970925643,+0000.9852470091188921
+0000.0154526351321547,+0000.0003938176160671,+0000.0000154609287895,+0000.9841380863229877
+0000.0165733155057652,+0000.0004370689995979,+0000.0000171605955076,+0000.9829724548991288
+0000.0177483591986250,+0000.0004839394071928,+0000.0000190038741822,+0000.9817486975199992
+0000.0189789558925365,+0000.0005346299247075,+0000.0000209974507096,+0000.9804654167320459
+0000.0202662701647010,+0000.0005893453870759,+0000.0000231480367568,+0000.9791212364114654
+0000.0216114405640634,+0000.0006482926001687,+0000.0000254637336196,+0000.9777148031021474
+0000.0230155789227100,+0000.0007116796590090,+0000.0000279541997091,+0000.9762447872185712
+0000.0244797697756201,+0000.0007797167443351,+0000.0000306293052917,+0000.9747098841747526
+0000.0260050697279925,+0000.0008526172220590,+0000.0000334975297044,+0000.9731088155202432
+0000.0275925067369558,+0000.0009305974104986,+0000.0000365657505502,+0000.9714403301019946
+0000.0292430794430715,+0000.0010138746127247,+0000.0000398407588554,+0000.9697032051853475
+0000.0309577567266193,+0000.0011026647870450,+0000.0000433310416242,+0000.9678962474447106
+0000.0327374775254419,+0000.0011971817154175,+0000.0000470469571505,+0000.9660182938019892
+0000.0345831507653566,+0000.0012976380961440,+0000.0000509989534414,+0000.9640682121850572
+0000.0364956552069826,+0000.0014042469797201,+0000.0000551955080220,+0000.9620449023052747
+0000.0384758391602228,+0000.0015172214553207,+0000.0000596429033056,+0000.9599472964811503
+0000.0405245202199836,+0000.0016367721458914,+0000.0000643472012314,+0000.9577743604328930
+0000.0426424852313740,+0000.0017631043227731,+0000.0000693165037859,+0000.9555250939420661
+0000.0448304905352776,+0000.0018964169848591,+0000.0000745611323687,+0000.9531985313474939
+0000.0470892623245912,+0000.0020369043649071,+0000.0000800913503906,+0000.9507937419601106
+0000.0494194968774847,+0000.0021847578148652,+0000.0000859147928672,+0000.9483098305147823
+0000.0518218605997132,+0000.0023401654679265,+0000.0000920362360624,+0000.9457459376962973
+0000.0542969900466577,+0000.0025033092039748,+0000.0000984600931565,+0000.9431012406562103
+0000.0568454921692213,+0000.0026743612256262,+0000.0001051932079568,+0000.9403749533971948
+0000.0594679448533201,+0000.0028534831241206,+0000.0001122450358469,+0000.9375663269867118
+0000.0621648975650864,+0000.0030408279253913,+0000.0001196248177042,+0000.9346746496918173
+0000.0649368718290373,+0000.0032365425455543,+0000.0001273384524856,+0000.9316992471729220
+0000.0677843614484845,+0000.0034407674975469,+0000.0001353882685316,+0000.9286394827854363
+0000.0707078326539759,+0000.0036536333521334,+0000.0001437760949132,+0000.9254947578989769
+0000.0737077244623991,+0000.0038752568080743,+0000.0001525066377150,+0000.9222645120918109
+0000.0767844493403399,+0000.0041057398270378,+0000.0001615876620960,+0000.9189482231705259
+0000.0799383939689913,+0000.0043451723434154,+0000.0001710265734190,+0000.9155454071141735
+0000.0831699197980337,+0000.0045936354082213,+0000.0001808266930507,+0000.9120556181006938
+0000.0864793632709717,+0000.0048512010141188,+0000.0001909870366028,+0000.9084784486783060
+0000.0898670359205833,+0000.0051179280878751,+0000.0002015060060231,+0000.9048135299855177
+0000.0933332246575921,+0000.0053938580945497,+0000.0002123853904158,+0000.9010605318574418
+0000.0968781923752240,+0000.0056790143193450,+0000.0002236305514429,+0000.8972191627539876
+0000.1005021786565079,+0000.0059734053511233,+0000.0002352463781226,+0000.8932891696142455
+0000.1042054002313335,+0000.0062770290197320,+0000.0002472329337741,+0000.8892703378151599
+0000.1079880510352919,+0000.0065898724092372,+0000.0002595852428873,+0000.8851624913125827
+0000.1118503020785639,+0000.0069119074205301,+0000.0002722976369995,+0000.8809654928639059
+0000.1157923014899846,+0000.0072430859475668,+0000.0002853684132976,+0000.8766792441491504
+0000.1198141748933811,+0000.0075833393687540,+0000.0002988000289897,+0000.8723036857088746
+0000.1239160258972638,+0000.0079325828884413,+0000.0003125944083121,+0000.8678387968059820
+0000.1280979363049029,+0000.0082907203490606,+0000.0003267479366339,+0000.8632845954094019
+0000.1323599658621672,+0000.0086576444900031,+0000.0003412512526201,+0000.8586411383952091
+0000.1367021517574944,+0000.0090332321142079,+0000.0003560942668311,+0000.8539085218614662
+0000.1411245082816033,+0000.0094173388640532,+0000.0003712715016750,+0000.8490868813526677
+0000.1456270268437987,+0000.0098097989595441,+0000.0003867823044770,+0000.8441763918921797
+0000.1502096761254452,+0000.0102104304462731,+0000.0004026254984954,+0000.8391772679297859
+0000.1548724019382566,+0000.0106190409314432,+0000.0004187937084020,+0000.8340897634218977
+0000.1596151265663903,+0000.0110354281264991,+0000.0004352731480701,+0000.8289141721590398
+0000.1644377478080197,+0000.0114593746403699,+0000.0004520493151197,+0000.8236508282364903
+0000.1693401381666187,+0000.0118906423651712,+0000.0004691130255538,+0000.8183001064426558
+0000.1743221444333421,+0000.0123289724653947,+0000.0004864606600190,+0000.8128624224412436
+0000.1793835874459536,+0000.0127740915376357,+0000.0005040881647374,+0000.8073382328516729
+0000.1845242615541341,+0000.0132257182813726,+0000.0005219847006726,+0000.8017280354638203
+0000.1897439335273608,+0000.0136835643396844,+0000.0005401324098646,+0000.7960323697230898
+0000.1950423411174987,+0000.0141473287266831,+0000.0005585127723884,+0000.7902518173834292
+0000.2004191917678454,+0000.0146166918113763,+0000.0005771133386330,+0000.7843870030821449
+0000.2058741617587021,+0000.0150913155244709,+0000.0005959280286462,+0000.7784385946881803
+0000.2114068955858928,+0000.0155708503882173,+0000.0006149505034839,+0000.7724073035224055
+0000.2170170050654188,+0000.0160549430922985,+0000.0006341671381886,+0000.7662938847040937
+0000.2227040678540910,+0000.0165432376219866,+0000.0006535567414330,+0000.7600991377824889
+0000.2284676255888615,+0000.0170353693112104,+0000.0006730975441838,+0000.7538239075557437
+0000.2343071821760039,+0000.0175309583900497,+0000.0006927746224956,+0000.7474690848114502
+0000.2402222025729343,+0000.0180296103374627,+0000.0007125802757884,+0000.7410356068138143
+0000.2462121118752832,+0000.0185309236931412,+0000.0007325068038488,+0000.7345244576277261
+0000.2522762941682654,+0000.0190344984700256,+0000.0007525388111610,+0000.7279366685505476
+0000.2584140907818747,+0000.0195399375366540,+0000.0007726528460983,+0000.7212733188353728
+0000.2646247981369133,+0000.0200468402735260,+0000.0007928249736390,+0000.7145355366159212
+0000.2709076657497957,+0000.0205547956293376,+0000.0008130388721513,+0000.7077244997487151
+0000.2772618947940845,+0000.0210633825130236,+0000.0008332863228525,+0000.7008414363700392
+0000.2836866370535823,+0000.0215721782577912,+0000.0008535594422041,+0000.6938876252464219
+0000.2901809936941132,+0000.0220807677686987,+0000.0008738423320648,+0000.6868643962051229
+0000.2967440134399049,+0000.0225887451090566,+0000.0008941105962045,+0000.6797731308548336
+0000.3033746903193416,+0000.0230957067295437,+0000.0009143394333579,+0000.6726152635177564
+0000.3100719615806919,+0000.0236012439637618,+0000.0009345123831182,+0000.6653922820724277
+0000.3168347062333192,+0000.0241049433252985,+0000.0009546219655080,+0000.6581057284758739
+0000.3236617440765809,+0000.0246063954610163,+0000.0009746614324324,+0000.6507571990299700
+0000.3305518346150184,+0000.0251052049082329,+0000.0009946157845081,+0000.6433483446922402
+0000.3375036753885765,+0000.0256009918268651,+0000.0010144611147125,+0000.6358808716698455
+0000.3445158998540157,+0000.0260933847705752,+0000.0010341731434844,+0000.6283565422319243
+0000.3515870754459612,+0000.0265820125464054,+0000.0010537365817981,+0000.6207771754258348
+0000.3587157023320023,+0000.0270665042651314,+0000.0010731459665211,+0000.6131446474363449
+0000.3659002127564000,+0000.0275464985995817,+0000.0010923970075561,+0000.6054608916364618
+0000.3731389703460760,+0000.0280216540137931,+0000.0011114769980047,+0000.5977278986421258
+0000.3804302688481824,+0000.0284916505849987,+0000.0011303639277260,+0000.5899477166390925
+0000.3877723303999464,+0000.0289561822957116,+0000.0011490353696391,+0000.5821224519347027
+0000.3951633039815021,+0000.0294149481867529,+0000.0011674784224891,+0000.5742542694092556
+0000.4026012646256374,+0000.0298676520040905,+0000.0011856907942019,+0000.5663453925760700
+0000.4100842133163898,+0000.0303140115702536,+0000.0012036718329866,+0000.5583981032803695
+0000.4176100769290384,+0000.0307537693488258,+0000.0012214123626947,+0000.5504147413594406
+0000.4251767076197935,+0000.0311866943140697,+0000.0012388935033317,+0000.5423977045628048
+0000.4327818817237850,+0000.0316125737625744,+0000.0012560958076066,+0000.5343494487060338
+0000.4404232988288185,+0000.0320312037046210,+0000.0012730097419038,+0000.5262724877246563
+0000.4480985816572466,+0000.0324423879585933,+0000.0012896370758413,+0000.5181693933083182
+0000.4558052767305142,+0000.0328459474499830,+0000.0013059816955600,+0000.5100427941239424
+0000.4635408551519907,+0000.0332417309885153,+0000.0013220389007126,+0000.5018953749587813
+0000.4713027128550081,+0000.0336296171675217,+0000.0013377938648687,+0000.4937298761126010
+0000.4790881703264211,+0000.0340095057227879,+0000.0013532309140110,+0000.4855490930367795
+0000.4868944724831923,+0000.0343813071329206,+0000.0013683445017427,+0000.4773558758821440
+0000.4947187893922754,+0000.0347449410326320,+0000.0013831409683487,+0000.4691531286067434
+0000.5025582178548913,+0000.0351003452733714,+0000.0013976292424198,+0000.4609438076293172
+0000.5104097831792116,+0000.0354474868157478,+0000.0014118096398284,+0000.4527309203652118
+0000.5182704404272203,+0000.0357863636736050,+0000.0014256718947416,+0000.4445175240044332
+0000.5261370750922998,+0000.0361169958836808,+0000.0014392044673514,+0000.4363067245566677
+0000.5340065038891547,+0000.0364394143195096,+0000.0014524059682417,+0000.4281016758230935
+0000.5418754764013537,+0000.0367536583252717,+0000.0014652873540460,+0000.4199055779193283
+0000.5497406776587606,+0000.0370597844022869,+0000.0014778626291283,+0000.4117216753098240
+0000.5575987309631671,+0000.0373578771533670,+0000.0014901371901527,+0000.4035532546933127
+0000.5654462001879459,+0000.0376480513246026,+0000.0015021053582281,+0000.3954036431292230
+0000.5732795914502049,+0000.0379304424892350,+0000.0015137596017436,+0000.3872762064588159
+0000.5810953548339707,+0000.0382051951182139,+0000.0015251023648356,+0000.3791743476829796
+0000.5888898869627172,+0000.0384724593736950,+0000.0015361487688496,+0000.3711015048947378
+0000.5966595345482780,+0000.0387323993231366,+0000.0015469174287582,+0000.3630611486998268
+0000.6044005982347140,+0000.0389852039106658,+0000.0015574183894889,+0000.3550567794651307
+0000.6121093359062895,+0000.0392310891889446,+0000.0015676500916557,+0000.3470919248131098
+0000.6197819652957945,+0000.0394702888598506,+0000.0015776083968520,+0000.3391701374475025
+0000.6274146665624875,+0000.0397030416845344,+0000.0015872987760183,+0000.3312949929769594
+0000.6350035856876870,+0000.0399295874158827,+0000.0015967395859661,+0000.3234700873104637
+0000.6425448388726955,+0000.0401501744823826,+0000.0016059531153656,+0000.3156990335295556
+0000.6500345172655919,+0000.0403650710003280,+0000.0016149531608565,+0000.3079854585732233
+0000.6574686911326781,+0000.0405745673238567,+0000.0016237413628616,+0000.3003330001806033
+0000.6648434132462153,+0000.0407789666197223,+0000.0016323159249096,+0000.2927453042091525
+0000.6721547221419175,+0000.0409785717357599,+0000.0016406841190242,+0000.2852260220032981
+0000.6793986461399786,+0000.0411736802907791,+0000.0016488662042759,+0000.2777788073649660
+0000.6865712083756701,+0000.0413645918092108,+0000.0016568868143901,+0000.2704073130007284
+0000.6936684321800671,+0000.0415516188221164,+0000.0016647622228465,+0000.2631151867749695
+0000.7006863458792441,+0000.0417350898915410,+0000.0016724959913604,+0000.2559060682378542
+0000.7076209867171291,+0000.0419153404220394,+0000.0016800872814626,+0000.2487835855793685
+0000.7144684045336595,+0000.0420926991354956,+0000.0016875436354894,+0000.2417513526953552
+0000.7212246661333677,+0000.0422674823703258,+0000.0016948855992377,+0000.2348129658970680
+0000.7278858606536154,+0000.0424400006811486,+0000.0017021385575401,+0000.2279720001076955
+0000.7344481052953876,+0000.0426105701020286,+0000.0017093197380973,+0000.2212320048644862
+0000.7409075504430461,+0000.0427795158174398,+0000.0017164331232140,+0000.2145965006162998
+0000.7472603838118244,+0000.0429471634263732,+0000.0017234772606458,+0000.2080689755011562
+0000.7535028342264312,+0000.0431138251893114,+0000.0017304582799859,+0000.2016528823042710
+0000.7596311760025959,+0000.0432797936135394,+0000.0017373952739332,+0000.1953516351099309
+0000.7656417343058832,+0000.0434453475558020,+0000.0017443126796354,+0000.1891686054586789
+0000.7715308908799444,+0000.0436107637349245,+0000.0017512270709924,+0000.1831071183141381
+0000.7772950891363591,+0000.0437763212231651,+0000.0017581412939715,+0000.1771704483465041
+0000.7829308381785774,+0000.0439422933767786,+0000.0017650516942414,+0000.1713618167504023
+0000.7884347163298761,+0000.0441089340261495,+0000.0017719613294753,+0000.1656843883144986
+0000.7938033751680342,+0000.0442764704373471,+0000.0017788861534746,+0000.1601412682411438
+0000.7990335445067862,+0000.0444451089682021,+0000.0017858480299592,+0000.1547354984950521
+0000.8041220377537026,+0000.0446150469168797,+0000.0017928613626131,+0000.1494700539668043
+0000.8090657566093786,+0000.0447864779931437,+0000.0017999264255923,+0000.1443478389718851
+0000.8138616946163055,+0000.0449595851113442,+0000.0018070359373208,+0000.1393716843350291
+0000.8185069400881362,+0000.0451345266858860,+0000.0018141884292116,+0000.1345443447967657
+0000.8229986794470556,+0000.0453114290605043,+0000.0018213952641114,+0000.1298684962283281
+0000.8273342014750986,+0000.0454903917679376,+0000.0018286743558296,+0000.1253467324011337
+0000.8315109019532771,+0000.0456714997864141,+0000.0018360366854637,+0000.1209815615748447
+0000.8355262876348338,+0000.0458548301199143,+0000.0018434788112978,+0000.1167754034339534
+0000.8393779789989746,+0000.0460404456166721,+0000.0018509887309563,+0000.1127305866533966
+0000.8430637122718543,+0000.0462283815099249,+0000.0018585593661634,+0000.1088493468520570
+0000.8465813417606269,+0000.0464186373961810,+0000.0018661964319664,+0000.1051338244112254
+0000.8499288430711085,+0000.0466111821365393,+0000.0018739129201173,+0000.1015860618722345
+0000.8531043167337854,+0000.0468059665650522,+0000.0018817155493772,+0000.0982080011517848
+0000.8561059911745745,+0000.0470029312629634,+0000.0018895964526607,+0000.0950014811098009
+0000.8589322244178309,+0000.0472020015196036,+0000.0018975382831532,+0000.0919682357794118
+0000.8615815049595085,+0000.0474030742254136,+0000.0019055277729597,+0000.0891098930421178
+0000.8640524528673260,+0000.0476060094602971,+0000.0019135644527456,+0000.0864279732196310
+0000.8663438217409870,+0000.0478106350529357,+0000.0019216559406722,+0000.0839238872654047
+0000.8684545011139303,+0000.0480167597463878,+0000.0019298043736320,+0000.0815989347660497
+0000.8703835182317992,+0000.0482241821964513,+0000.0019379972839669,+0000.0794543022877822
+0000.8721300385399043,+0000.0484326871364911,+0000.0019462119188316,+0000.0774910624047728
+0000.8736933652645879,+0000.0486420326889502,+0000.0019544288279708,+0000.0757101732184907
+0000.8750729391483120,+0000.0488519415984599,+0000.0019626414153443,+0000.0741124778378835
+0000.8762683390309451,+0000.0490621054371287,+0000.0019708520582602,+0000.0726987034736655
+0000.8772792829203035,+0000.0492721981876176,+0000.0019790585660543,+0000.0714694603260240
+0000.8781056284946299,+0000.0494818864348431,+0000.0019872442737251,+0000.0704252407968018
+0000.8787473723182747,+0000.0496908267362005,+0000.0019953815574580,+0000.0695664193880664
+0000.8792046480983946,+0000.0498986533739720,+0000.0020034454034828,+0000.0688932531241501
+0000.8794777250372399,+0000.0501049692388919,+0000.0020114237545342,+0000.0684058819693337
+0000.8795670070277047,+0000.0503093496388290,+0000.0020193144667832,+0000.0681043288666825
+0000.8794730324005574,+0000.0505113562124181,+0000.0020271118425045,+0000.0679884995445197
+0000.8791964731818674,+0000.0507105482215655,+0000.0020347959832465,+0000.0680581826133201
+0000.8787381330956475,+0000.0509064810691531,+0000.0020423354977673,+0000.0683130503374317
+0000.8780989445786839,+0000.0510986944725824,+0000.0020497010001643,+0000.0687526599485691
+0000.8772799658484353,+0000.0512867029765668,+0000.0020568761953529,+0000.0693764549796445
+0000.8762823788214023,+0000.0514699992942679,+0000.0020638556649915,+0000.0701837662193378
+0000.8751074876585709,+0000.0516480684204166,+0000.0020706315213227,+0000.0711738123996892
+0000.8737567169202173,+0000.0518203998749634,+0000.0020771820777309,+0000.0723457011270882
+0000.8722316085238589,+0000.0519864872568458,+0000.0020834737581248,+0000.0736984304611700
+0000.8705338177083710,+0000.0521458167832898,+0000.0020894744685913,+0000.0752308910397476
+0000.8686651090226910,+0000.0522978573899699,+0000.0020951653481323,+0000.0769418682392063
+0000.8666273531798919,+0000.0524420635117407,+0000.0021005393596069,+0000.0788300439487601
+0000.8644225246231931,+0000.0525778892279389,+0000.0021055881132627,+0000.0808939980356050
+0000.8620526988173299,+0000.0527048012598356,+0000.0021102899273787,+0000.0831322099954554
+0000.8595200484230626,+0000.0528222794064952,+0000.0021146109601717,+0000.0855430612102702
+0000.8568268384914851,+0000.0529298053692596,+0000.0021185183953770,+0000.0881248377438780
+0000.8539754216652771,+0000.0530268523868126,+0000.0021219927679512,+0000.0908757331799588
+0000.8509682342642144,+0000.0531128873508813,+0000.0021250273226274,+0000.0937938510622764
+0000.8478077931716496,+0000.0531873847917489,+0000.0021276150576542,+0000.0968772069789468
+0000.8444966925734881,+0000.0532498403984179,+0000.0021297362623388,+0000.1001237307657547
+0000.8410375996772578,+0000.0532997721542184,+0000.0021313589036272,+0000.1035312692648960
+0000.8374332494794429,+0000.0533367093546405,+0000.0021324515625866,+0000.1070975896033295
+0000.8336864395288625,+0000.0533601817264067,+0000.0021329962302429,+0000.1108203825144875
+0000.8298000255916441,+0000.0533697207744813,+0000.0021329883850755,+0000.1146972652487986
+0000.8257769182047872,+0000.0533648734056422,+0000.0021324243100662,+0000.1187257840795038
+0000.8216200792138093,+0000.0533452157227333,+0000.0021312882069351,+0000.1229034168565220
+0000.8173325173977265,+0000.0533103546664191,+0000.0021295518794955,+0000.1272275760563583
+0000.8129172831803390,+0000.0532599171380766,+0000.0021271873552494,+0000.1316956123263346
+0000.8083774633279492,+0000.0531935385673662,+0000.0021241800345281,+0000.1363048180701558
+0000.8037161765597087,+0000.0531108634011723,+0000.0021205294293986,+0000.1410524306097201
+0000.7989365701255703,+0000.0530115581685980,+0000.0021162368101053,+0000.1459356348957259
+0000.7940418164976046,+0000.0528953253009148,+0000.0021112920072439,+0000.1509515661942362
+0000.7890351092593708,+0000.0527619050915279,+0000.0021056724426104,+0000.1560973132064904
+0000.7839196581235089,+0000.0526110648546469,+0000.0020993553682996,+0000.1613699216535442
+0000.7786986839222546,+0000.0524425869338063,+0000.0020923312432208,+0000.1667663979007179
+0000.7733754145096912,+0000.0522562682708524,+0000.0020846050696071,+0000.1722837121498491
+0000.7679530816965406,+0000.0520519327363513,+0000.0020761844280282,+0000.1779188011390795
+0000.7624349184175698,+0000.0518294447437185,+0000.0020670660882439,+0000.1836685707504673
+0000.7568241552058048,+0000.0515887113617704,+0000.0020572344454252,+0000.1895298989869992
+0000.7511240158342593,+0000.0513296714716073,+0000.0020466733084192,+0000.1954996393857139
+0000.7453377129095347,+0000.0510522832475273,+0000.0020353793718148,+0000.2015746244711228
+0000.7394684443593975,+0000.0507565227824538,+0000.0020233640825119,+0000.2077516687756363
+0000.7335193909981594,+0000.0504423955412177,+0000.0020106421253501,+0000.2140275713352723
+0000.7274937144290721,+0000.0501099495691911,+0000.0019972179705409,+0000.2203991180311954
+0000.7213945543534279,+0000.0497592776269095,+0000.0019830837786582,+0000.2268630842410040
+0000.7152250250802705,+0000.0493905063497362,+0000.0019682306702736,+0000.2334162378997192
+0000.7089882119557190,+0000.0490037832783745,+0000.0019526621591514,+0000.2400553426067549
+0000.7026871686484742,+0000.0485992745627606,+0000.0019363964800105,+0000.2467771603087544
+0000.6963249155350161,+0000.0481771754390111,+0000.0019194555890656,+0000.2535784534369069
+0000.6899044385068560,+0000.0477377228751961,+0000.0019018517803685,+0000.2604559868375789
+0000.6834286872709929,+0000.0472811976421472,+0000.0018835851267611,+0000.2674065299600983
+0000.6769005728760831,+0000.0468079135275976,+0000.0018646541649347,+0000.2744268594313840
+0000.6703229651115034,+0000.0463182040421779,+0000.0018450691560611,+0000.2815137616902572
+0000.6636986907041391,+0000.0458124192720299,+0000.0018248548066965,+0000.2886640352171341
+0000.6570305326116648,+0000.0452909353286127,+0000.0018040398497463,+0000.2958744922099758
+0000.6503212297998202,+0000.0447541663229719,+0000.0017826438634594,+0000.3031419600137483
+0000.6435734765856278,+0000.0442025663354186,+0000.0017606743175207,+0000.3104632827614325
+0000.6367899212199364,+0000.0436366187832136,+0000.0017381366107907,+0000.3178353233860593
+0000.6299731642831523,+0000.0430568229737775,+0000.0017150470295818,+0000.3252549657134880
+0000.6231257578000869,+0000.0424636902228242,+0000.0016914357962753,+0000.3327191161808130
+0000.6162502054223801,+0000.0418577522744728,+0000.0016673372959898,+0000.3402247050071570
+0000.6093489631340969,+0000.0412395725451646,+0000.0016427772301441,+0000.3477686870905939
+0000.6024244395808555,+0000.0406097480023553,+0000.0016177693370346,+0000.3553480430797542
+0000.5954789956417781,+0000.0399688988268216,+0000.0015923247240310,+0000.3629597808073690
+0000.5885149437440189,+0000.0393176550232121,+0000.0015664644005746,+0000.3706009368321942
+0000.5815345477994696,+0000.0386566519597153,+0000.0015402225930701,+0000.3782685776477448
+0000.5745400241566128,+0000.0379865377997981,+0000.0015136376805239,+0000.3859598003630647
+0000.5675335430944094,+0000.0373079840026868,+0000.0014867398094129,+0000.3936717330934904
+0000.5605172299825325,+0000.0366216871621510,+0000.0014595473564803,+0000.4014015354988356
+0000.5534931656805923,+0000.0359283591366336,+0000.0014320755029726,+0000.4091463996798013
+0000.5464633866020727,+0000.0352287139532851,+0000.0014043482289311,+0000.4169035512157107
+0000.5394298852892518,+0000.0345234629533573,+0000.0013764018378595,+0000.4246702499195310
+0000.5323946119321781,+0000.0338133213117816,+0000.0013482766605221,+0000.4324437900955178
+0000.5253594764300844,+0000.0330990178185311,+0000.0013200052493404,+0000.4402215005020436
+0000.5183263501507986,+0000.0323812967589250,+0000.0012916086478954,+0000.4480007444423803
+0000.5112970669225513,+0000.0316609087028164,+0000.0012631041617970,+0000.4557789202128348
+0000.5042734236092679,+0000.0309385979487681,+0000.0012345167126053,+0000.4635534617293580
+0000.4972571810774882,+0000.0302150974732331,+0000.0012058825212231,+0000.4713218389280551
+0000.4902500660230950,+0000.0294911346370197,+0000.0011772416327332,+0000.4790815577071517
+0000.4832537733264354,+0000.0287674402976457,+0000.0011486267968650,+0000.4868301595790537
+0000.4762699681311829,+0000.0280447508293800,+0000.0011200596040192,+0000.4945652214354172
+0000.4693002871497202,+0000.0273237997641598,+0000.0010915574154771,+0000.5022843556706424
+0000.4623463394734071,+0000.0266053060156498,+0000.0010631439889140,+0000.5099852105220284
+0000.4554097076548235,+0000.0258899688282659,+0000.0010348532750241,+0000.5176654702418858
+0000.4484919495567205,+0000.0251784727786733,+0000.0010067228076971,+0000.5253228548569088
+0000.4415946007072934,+0000.0244714962817357,+0000.0009787833625608,+0000.5329551196484095
+0000.4347191764033964,+0000.0237697138501204,+0000.0009510550135268,+0000.5405600547329559
+0000.4278671730399115,+0000.0230737887637611,+0000.0009235531941857,+0000.5481354850021412
+0000.4210400688753768,+0000.0223843622891725,+0000.0008962985219413,+0000.5556792703135091
+0000.4142393249543859,+0000.0217020488064318,+0000.0008693206676952,+0000.5631893055714867
+0000.4074663867020664,+0000.0210274402090943,+0000.0008426526449130,+0000.5706635204439259
+0000.4007226860006985,+0000.0203611138655928,+0000.0008163213213180,+0000.5780998788123899
+0000.3940096430404003,+0000.0197036352047825,+0000.0007903434433364,+0000.5854963783114800
+0000.3873286674068210,+0000.0190555515588604,+0000.0007647308106001,+0000.5928510502237180
+0000.3806811585515557,+0000.0184173825526905,+0000.0007394992417908,+0000.6001619596539622
+0000.3740685063147844,+0000.0177896155550583,+0000.0007146724820457,+0000.6074272056481111
+0000.3674920920303111,+0000.0171727095634743,+0000.0006902774117773,+0000.6146449209944367
+0000.3609532900901299,+0000.0165671026698759,+0000.0006663354678255,+0000.6218132717721683
+0000.3544534693157251,+0000.0159732150323782,+0000.0006428586761844,+0000.6289304569757119
+0000.3479939935930311,+0000.0153914439909059,+0000.0006198539324170,+0000.6359947084836454
+0000.3415762218552317,+0000.0148221557481502,+0000.0005973310689631,+0000.6430042913276544
+0000.3352015080290420,+0000.0142656812486063,+0000.0005753067690654,+0000.6499575039532857
+0000.3288712014837942,+0000.0137223196086573,+0000.0005538007019587,+0000.6568526782055893
+0000.3225866479224606,+0000.0131923451134232,+0000.0005328278898650,+0000.6636881790742507
+0000.3163491901223205,+0000.0126760105991673,+0000.0005123947824220,+0000.6704624044960897
+0000.3101601679829181,+0000.0121735438857945,+0000.0004925026473955,+0000.6771737854838913
+0000.3040209179089944,+0000.0116851408096921,+0000.0004731547160584,+0000.6838207865652544
+0000.2979327720887956,+0000.0112109615850912,+0000.0004543600757968,+0000.6904019062503157
+0000.2918970582069207,+0000.0107511338082535,+0000.0004361307229224,+0000.6969156772619030
+0000.2859150995900104,+0000.0103057589852970,+0000.0004184748915676,+0000.7033606665331245
+0000.2799882152561382,+0000.0098749163086232,+0000.0004013931967321,+0000.7097354752385060
+0000.2741177193330496,+0000.0094586603907683,+0000.0003848811518021,+0000.7160387391243794
+0000.2683049198221096,+0000.0090570156453285,+0000.0003689353852823,+0000.7222691291472791
+0000.2625511172103647,+0000.0086699731348363,+0000.0003535574867761,+0000.7284253521680224
+0000.2568576034625910,+0000.0082974931458026,+0000.0003387519527692,+0000.7345061514388365
+0000.2512256614467588,+0000.0079395112194705,+0000.0003245204734939,+0000.7405103068602761
+0000.2456565643266700,+0000.0075959422641501,+0000.0003108581658601,+0000.7464366352433192
+0000.2401515744025658,+0000.0072666795163202,+0000.0002977552467825,+0000.7522839908343308
+0000.2347119413308342,+0000.0069515902044051,+0000.0002852023306591,+0000.7580512661341011
+0000.2293389001645646,+0000.0066505128410823,+0000.0002731942051733,+0000.7637373927891793
+0000.2240336697340625,+0000.0063632593377960,+0000.0002617286295331,+0000.7693413422986080
+0000.2187974514678259,+0000.0060896204862289,+0000.0002508015564824,+0000.7748621264894622
+0000.2136314282531890,+0000.0058293703112374,+0000.0002404034719016,+0000.7802987979636715
+0000.2085367628383278,+0000.0055822661327822,+0000.0002305202655755,+0000.7856504507633141
+0000.2035145956660226,+0000.0053480453939955,+0000.0002211376340180,+0000.7909162213059635
+0000.1985660425193794,+0000.0051264233181501,+0000.0002122447635844,+0000.7960952893988854
+0000.1936921924790100,+0000.0049170945112495,+0000.0002038339254413,+0000.8011868790842988
+0000.1888941063327791,+0000.0047197378253412,+0000.0001958965927828,+0000.8061902592490962
+0000.1841728151022079,+0000.0045340208282505,+0000.0001884199008289,+0000.8111047441687121
+0000.1795293182135595,+0000.0043596007980540,+0000.0001813867691355,+0000.8159296942192504
+0000.1749645811680737,+0000.0041961225561622,+0000.0001747794483387,+0000.8206645168274249
+0000.1704795330305519,+0000.0040432163839646,+0000.0001685830884977,+0000.8253086674969852
+0000.1660750642080656,+0000.0039004990530791,+0000.0001627860610866,+0000.8298616506777681
+0000.1617520246948713,+0000.0037675779954949,+0000.0001573769167318,+0000.8343230203929013
+0000.1575112225108944,+0000.0036440557492787,+0000.0001523409778063,+0000.8386923807620201
+0000.1533534218923256,+0000.0035295316896489,+0000.0001476597783835,+0000.8429693866396413
+0000.1492793410585578,+0000.0034236006824365,+0000.0001433138058629,+0000.8471537444531421
+0000.1452896498131444,+0000.0033258511449897,+0000.0001392859324140,+0000.8512452131094514
+0000.1413849674172695,+0000.0032358654475231,+0000.0001355623820554,+0000.8552436047531513
+0000.1375658609401135,+0000.0031532233207814,+0000.0001321304623177,+0000.8591487852767870
+0000.1338328438736257,+0000.0030775061331721,+0000.0001289753016475,+0000.8629606746915540
+0000.1301863746054460,+0000.0030082991505916,+0000.0001260786842363,+0000.8666792475597256
+0000.1266268545490797,+0000.0029451908172182,+0000.0001234210479985,+0000.8703045335857029
+0000.1231546261273298,+0000.0028877708502735,+0000.0001209847565667,+0000.8738366182658291
+0000.1197699710103285,+0000.0028356299726822,+0000.0001187556194960,+0000.8772756433974926
+0000.1164731088325175,+0000.0027883625064391,+0000.0001167213224939,+0000.8806218073385490
+0000.1132641962348141,+0000.0027455703463163,+0000.0001148683232878,+0000.8838753650955812
+0000.1101433258631234,+0000.0027068655445366,+0000.0001131801684052,+0000.8870366284239342
+0000.1071105251022766,+0000.0026718700340172,+0000.0001116388173122,+0000.8901059660463932
+0000.1041657546817257,+0000.0026402136660640,+0000.0001102277317324,+0000.8930838039204774
+0000.1013089075122774,+0000.0026115332626764,+0000.0001089338495257,+0000.8959706253755197
+0000.0985398079921669,+0000.0025854743715229,+0000.0001077466326801,+0000.8987669710036297
+0000.0958582116836867,+0000.0025616948229506,+0000.0001066551379163,+0000.9014734383554459
+0000.0932638050315665,+0000.0025398674538800,+0000.0001056459106232,+0000.9040906816039296
+0000.0907562048871348,+0000.0025196801113374,+0000.0001047037108784,+0000.9066194112906490
+0000.0883349579173331,+0000.0025008335735259,+0000.0001038143960312,+0000.9090603941131090
+0000.0859995402119714,+0000.0024830399465942,+0000.0001029672440823,+0000.9114144525973514
+0000.0837493573362718,+0000.0024660235921743,+0000.0001021545365003,+0000.9136824645350529
+0000.0815837447804002,+0000.0024495241849747,+0000.0001013688233137,+0000.9158653622113105
+0000.0795019685197880,+0000.0024332994199694,+0000.0001006004953796,+0000.9179641315648623
+0000.0775032254392180,+0000.0024171251679888,+0000.0000998379913041,+0000.9199798114014883
+0000.0755866436462949,+0000.0024007932598806,+0000.0000990704483285,+0000.9219134926454952
+0000.0737512829394735,+0000.0023841092934682,+0000.0000982902692018,+0000.9237663174978556
+0000.0719961356806329,+0000.0023668927828697,+0000.0000974931579258,+0000.9255394783785709
+0000.0703201280711009,+0000.0023489796698568,+0000.0000966756030039,+0000.9272342166560377
+0000.0687221215879671,+0000.0023302248953836,+0000.0000958322326576,+0000.9288518212839911
+0000.0672009143284726,+0000.0023105026197817,+0000.0000949555822134,+0000.9303936274695316
+0000.0657552422369770,+0000.0022897038923215,+0000.0000940384874465,+0000.9318610153832543
+0000.0643837804319796,+0000.0022677339746166,+0000.0000930767900008,+0000.9332554088034022
+0000.0630851448801526,+0000.0022445117980440,+0000.0000920697481056,+0000.9345782735736972
+0000.0618578944606335,+0000.0022199719187637,+0000.0000910177655747,+0000.9358311158550272
+0000.0607005332191380,+0000.0021940668745996,+0000.0000899196351585,+0000.9370154802711030
+0000.0596115125594772,+0000.0021667674250431,+0000.0000887719437223,+0000.9381329480717565
+0000.0585892333006885,+0000.0021380601695006,+0000.0000875711814255,+0000.9391851353483843
+0000.0576320477687368,+0000.0021079445287358,+0000.0000863164846084,+0000.9401736912179182
+0000.0567382621640007,+0000.0020764316282713,+0000.0000850103499992,+0000.9411002958577283
+0000.0559061392871453,+0000.0020435457201507,+0000.0000836566405270,+0000.9419666583521764
+0000.0551339014664208,+0000.0020093262845033,+0000.0000822578194855,+0000.9427745144295898
+0000.0544197334376889,+0000.0019738282845625,+0000.0000808140658628,+0000.9435256242118850
+0000.0537617850641678,+0000.0019371198314065,+0000.0000793250721527,+0000.9442217700322723
+0000.0531581740174278,+0000.0018992789910098,+0000.0000777927301350,+0000.9448647542614265
+0000.0526069886527514,+0000.0018603922334363,+0000.0000762220856478,+0000.9454563970281638
+0000.0521062911956125,+0000.0018205553704613,+0000.0000746196548864,+0000.9459985337790389
+0000.0516541211267116,+0000.0017798753938202,+0000.0000729907463526,+0000.9464930127331149
+0000.0512484985232203,+0000.0017384707735832,+0000.0000713383511818,+0000.9469416923520139
+0000.0508874272081076,+0000.0016964692915716,+0000.0000696646021123,+0000.9473464388982075
+0000.0505688977840320,+0000.0016540048547537,+0000.0000679733164950,+0000.9477091240447182
+0000.0502908907736077,+0000.0016112156595784,+0000.0000662711388614,+0000.9480316224279519
+0000.0500513800144211,+0000.0015682447105275,+0000.0000645662027678,+0000.9483158090722826
+0000.0498483362380914,+0000.0015252414111826,+0000.0000628656286593,+0000.9485635567220658
+0000.0496797306022120,+0000.0014823619575954,+0000.0000611742442672,+0000.9487767331959245
+0000.0495435379960358,+0000.0014397674740613,+0000.0000594956774301,+0000.9489571988524721
+0000.0494377401558874,+0000.0013976210120540,+0000.0000578346816907,+0000.9491068041503672
+0000.0493603287978489,+0000.0013560855746844,+0000.0000561984251506,+0000.9492273872023153
+0000.0493093089453567,+0000.0013153242856951,+0000.0000545955328205,+0000.9493207712361267
+0000.0492827024196870,+0000.0012755017633760,+0000.0000530338367311,+0000.9493887619802051
+0000.0492785512770973,+0000.0012367846723866,+0000.0000515189698552,+0000.9494331450806599
+0000.0492949209882649,+0000.0011993402931917,+0000.0000500550662148,+0000.9494556836523281
+0000.0493299033578125,+0000.0011633338690368,+0000.0000486468072449,+0000.9494581159659047
+0000.0493816193783542,+0000.0011289266173794,+0000.0000473008272979,+0000.9494421531769672
+0000.0494482222202096,+0000.0010962756117725,+0000.0000460251697194,+0000.9494094769982977
+0000.0495279003627147,+0000.0010655349721393,+0000.0000448273511452,+0000.9493617373140002
+0000.0496188806669002,+0000.0010368566387869,+0000.0000437128594341,+0000.9493005498348778
+0000.0497194311658668,+0000.0010103894909724,+0000.0000426854359661,+0000.9492274939071939
+0000.0498278635361604,+0000.0009862771740023,+0000.0000417487952217,+0000.9491441104946148
+0000.0499425354320483,+0000.0009646561941380,+0000.0000409081293267,+0000.9490519002444863
